[
    [
        0.020089486543951544,
        0.02048023140125968,
        0.01131769285162407,
        0.019576635280687472,
        0.017229947734134683,
        0.01967232593933074,
        0.013115289858189721,
        0.014251145191181787,
        0.018026296273589985,
        0.019633617806920873,
        0.013240866563650172,
        0.015842131762006315,
        0.018904968141643108,
        0.017785028133403383,
        0.015195932191943914,
        0.006048541160772609,
        0.0205748346843811,
        0.02320183979577056,
        0.021606210505525865,
        0.0203425143063729,
        0.012141157796479335,
        0.013067034063233495,
        0.019536282242993343,
        0.01974136518867108,
        0.022317090889826363,
        0.02133686564749224,
        0.020945769323564536,
        0.016196583103711124,
        0.01901790262515018,
        0.01805684866931704,
        0.016583987441804903,
        0.00843596200894177,
        0.014473847360824228,
        0.022656808984007737,
        0.014911896025079821,
        0.011649162099020694,
        0.016221066002208847,
        0.015836963518354737,
        0.00035711418216329363,
        0.019881719863212778,
        0.02551838650111247,
        0.01913915267462023,
        0.011051137928813666,
        0.0065722112492446515,
        0.015784830038734866,
        0.017199424167352383,
        0.01017267866622434,
        0.015656982728035777,
        0.01625616490382365,
        0.02320183979577056,
        0.015010455561517465,
        0.0234617235986367,
        0.0113613412524829,
        0.022347956454674245,
        0.020173499737168712,
        0.02143481083472522,
        0.015836051353859036,
        0.020644877827613723,
        0.016356461889696798,
        0.0033190496734854225
    ],
    [
        0.006934897928118567,
        0.032720691392114525,
        0.03145536510515448,
        0.01346875273992406,
        0.006564021993886178,
        0.014956933130620362,
        0.009315343757173057,
        0.007364127400209956,
        0.023781788325889005,
        0.024647896432542424,
        0.005594057380382058,
        0.02211656551958596,
        0.015322928224709669,
        0.011005556971383442,
        0.010387135848286901,
        1.9287393204964306e-10,
        0.019063555750127827,
        0.021765734416030198,
        0.00972754683204575,
        0.012304899103498846,
        1.6710988670456508e-10,
        2.166958860618022e-10,
        0.020150104549447732,
        0.0191739192748534,
        0.018815071051574664,
        0.016617753930902833,
        0.01474589663211461,
        0.024152525914761098,
        0.03152672168760192,
        0.013264368941346236,
        0.014881038337111829,
        0.002976594512029707,
        0.0036297810131629324,
        0.024316881857548323,
        0.005679553099528802,
        1.0265363151855075e-09,
        0.05649778855267144,
        0.1285512641182958,
        2.130634356549447e-10,
        0.017863258777327924,
        0.019291288094369738,
        0.03167826042151444,
        0.0004329863784268467,
        1.5844776727850167e-10,
        0.00661950790695926,
        0.008045279118717844,
        6.025965941556551e-10,
        0.005379812387186804,
        0.008019910545319114,
        0.021765734416030198,
        0.0076246481275644385,
        0.022624513471165203,
        1.148794220968334e-09,
        0.025146576648741766,
        0.023305213655734437,
        0.05753564239604419,
        0.007317979970743272,
        0.025903023484131676,
        0.017969298592871333,
        1.556701635246622e-10
    ],
    [
        0.008224356331229596,
        0.03242940375496742,
        0.017821506649463633,
        0.008744740378498159,
        0.0037126989996853735,
        0.016642454990662657,
        0.010427553120981358,
        0.005836901314260524,
        0.025568809316267656,
        0.02434640317758087,
        0.008315468357795395,
        0.024729098089920826,
        0.01636613241749153,
        0.013159339289989573,
        0.011899005283430669,
        1.079954882209713e-05,
        0.02074345485363037,
        0.024128203779118677,
        0.009578451378499667,
        0.013999110431354354,
        1.1126615334544313e-06,
        0.003159014571136764,
        0.020405336742234846,
        0.021298255674225774,
        0.019016718249608235,
        0.019227291660198213,
        0.015322300994546352,
        0.02539162927685815,
        0.021073761435711463,
        0.012471969512399927,
        0.014993975511923436,
        1.2737919377033673e-10,
        0.0044042174066582325,
        0.0213926914357186,
        0.0053613591371746185,
        0.0051032784965707005,
        0.05079450277893636,
        0.10564293103651806,
        0.010228165673381884,
        0.02007347944596885,
        0.020112471827898593,
        0.032981273323287603,
        0.002985804940502486,
        1.779660810280444e-10,
        0.008420096866675922,
        0.009647556243165014,
        0.0008452416338426013,
        0.0074638763143569774,
        0.009434284703322394,
        0.024128203779118677,
        0.007684360264437284,
        0.024980667946874886,
        1.2650841200814701e-09,
        0.025388317959657132,
        0.022069190489206712,
        0.05711951548923915,
        0.006809509855285458,
        0.027708988760686525,
        0.02017475432432465,
        5.427084002446117e-10
    ],
    [
        0.0031580788134597288,
        0.02952341959587105,
        0.008469726059244407,
        0.003624463363862203,
        0.00129122887460738,
        0.00994969129974214,
        0.012088856832465663,
        0.0073019341889112395,
        0.022426835981730873,
        0.013954094163555357,
        0.015397998378005805,
        0.02680886680677309,
        0.014311124899519578,
        0.01776879248201072,
        0.01013274788082794,
        0.037699168635677294,
        0.017648672354196024,
        0.0202878884407342,
        0.012801346643781169,
        0.010317741173579286,
        0.0355275952574496,
        5.723020164574071e-10,
        0.02026975085310369,
        0.018042163625277538,
        0.016641766751088354,
        0.019113873407553723,
        0.010924183606680212,
        0.022603093755725195,
        0.011823050971192286,
        0.010028756248778505,
        0.016160983983300962,
        0.011774108996045914,
        0.006165218115120256,
        0.0162383379043416,
        0.018403193474275315,
        0.014739521373196406,
        0.04392030814644038,
        0.10422425887736331,
        0.005284598701521175,
        0.018230903824561363,
        0.018623585893385388,
        0.02886953558688781,
        2.687800164569379e-08,
        4.319501273835196e-11,
        0.003433404229044562,
        0.003998495731726088,
        0.0015837195396195482,
        0.014459555088249506,
        0.007559575989193038,
        0.0202878884407342,
        0.021528066442744548,
        0.02097187962225717,
        1.2557226225022623e-10,
        0.022047471239018724,
        0.016760125653128385,
        0.05325063753856068,
        0.0023121630063868484,
        0.023925910919171352,
        0.02530961268815048,
        3.105141279397215e-11
    ],
    [
        2.851449278383227e-11,
        1.7785887989925747e-11,
        1.497014025270275e-11,
        2.2438441044717856e-11,
        2.3430945815726406e-11,
        1.5354336311436738e-11,
        2.4752054512446265e-11,
        1.8192139923341578e-11,
        1.7851841353726452e-11,
        2.8723434974170385e-11,
        2.0718861870151287e-11,
        1.7834790594329458e-11,
        4.7897156696063e-11,
        2.7636695803083767e-10,
        4.900385229835797e-11,
        0.06039144422724932,
        5.7777637937666e-11,
        0.18626450943403655,
        0.16063742204465772,
        1.9527184301200555e-11,
        1.5076248167332838e-11,
        1.3453738693156416e-11,
        2.246561482965626e-11,
        4.1490650432780106e-11,
        2.0688229287334812e-11,
        6.112142668470378e-11,
        2.366241520781107e-11,
        1.8706683756230627e-11,
        1.793551470737755e-11,
        2.0364394052535438e-11,
        3.612701419899874e-11,
        1.6464010093373274e-10,
        2.4278007666903282e-11,
        1.831850498881374e-11,
        4.13839509707112e-09,
        0.5927066182306597,
        1.77635318581661e-11,
        2.7862069105260384e-11,
        1.300552829922983e-11,
        4.0284979706385735e-11,
        1.9456552937732665e-11,
        5.164188650624861e-11,
        1.3856483978528374e-11,
        1.9362565858774536e-11,
        1.6215121056019173e-11,
        2.3235060525585033e-11,
        5.4331191635936523e-11,
        1.5120915759706337e-11,
        1.6180690499720724e-11,
        3.64810024041716e-11,
        1.7391786579659517e-11,
        3.996534367043736e-11,
        8.51258878002375e-11,
        2.578285332734632e-11,
        2.2411446587277334e-11,
        2.4057599703305426e-11,
        4.6385362419085176e-11,
        2.936346953934066e-11,
        5.437031611255003e-11,
        1.5253008020906108e-11
    ],
    [
        1.0882684774265413e-09,
        1.1656260623915426e-09,
        1.130436697173308e-10,
        3.961851296570908e-10,
        4.483339327974681e-09,
        2.453001316504876e-10,
        1.7812459396502343e-09,
        2.295787222100159e-10,
        0.002688151851230374,
        2.122112773636616e-09,
        3.4363307042009764e-10,
        2.646445072294544e-10,
        4.255988618649623e-09,
        2.2219492222705942e-10,
        2.8904776302541433e-10,
        0.039488825901668155,
        8.652921539204708e-10,
        0.16011761985236916,
        0.14488920800130342,
        3.3430238665998957e-08,
        0.004298865522061275,
        1.7222441148533876e-10,
        7.810573644519012e-09,
        7.465106714044505e-08,
        4.543017740707347e-07,
        8.401363234615352e-09,
        1.661912318459436e-09,
        3.531206036087014e-10,
        4.508005969904452e-10,
        3.1657184078668805e-10,
        3.113456957104136e-08,
        0.049113803029342276,
        4.385409625195487e-10,
        7.850853576596749e-10,
        0.007011234604009269,
        0.5451607069157839,
        3.48236353126959e-07,
        0.034482921916932814,
        9.627790506883828e-11,
        6.018061241247053e-08,
        0.005588899318260113,
        1.697152836092482e-09,
        5.700250435926982e-10,
        1.6219446532180947e-10,
        3.4340702070167944e-10,
        3.3061051352824166e-10,
        2.0473194177679648e-10,
        2.7830628979998955e-10,
        5.990756671104558e-10,
        7.86328565325578e-09,
        2.1436207491096007e-10,
        0.0027952971047494903,
        1.765138817629206e-10,
        1.718757346157163e-09,
        1.5522346018466999e-09,
        2.4701043559362765e-08,
        7.096883200986112e-09,
        0.004363377686152381,
        2.741506505992799e-10,
        2.252260070862444e-10
    ],
    [
        0.012716032623327026,
        2.4421544572629267e-11,
        4.3718475678491436e-12,
        0.00820147871716427,
        4.648174532691333e-12,
        8.241992097409295e-12,
        5.014875748515958e-12,
        4.462253141670996e-12,
        5.744509977699118e-12,
        1.2243858378016207e-11,
        4.91853395323766e-12,
        3.9777460021132564e-12,
        4.8089005747546345e-12,
        5.7894453723526835e-12,
        2.8604998853990047e-11,
        4.9966934562303144e-12,
        3.9557661107400795e-12,
        0.030159527485844623,
        0.08837083452394955,
        2.0174336365454368e-11,
        4.15829770430391e-11,
        5.834943588867455e-12,
        5.757988309268399e-12,
        7.919134469878984e-12,
        6.071408904179754e-12,
        5.8466077283624255e-12,
        5.430578823829674e-12,
        5.774839725839183e-12,
        4.325061696239873e-11,
        3.978166847039426e-12,
        6.481762216334991e-12,
        5.145312393820402e-12,
        4.71858462514653e-12,
        4.37446258833e-11,
        3.675582927811599e-12,
        0.4050253944171588,
        1.0925275538099956e-11,
        0.09473886241778154,
        0.08749709604070405,
        4.348617488118642e-12,
        5.3618343829076815e-12,
        5.578738915808861e-12,
        8.338479642103732e-12,
        0.1835210097480108,
        2.393413502042733e-11,
        4.577127109607864e-12,
        5.308019210313634e-12,
        8.988771970725579e-12,
        6.707004229517598e-12,
        6.321028518352777e-12,
        4.375429049079356e-12,
        6.808281650325648e-12,
        0.0416672127887729,
        1.044380712451462e-11,
        4.228827511051337e-12,
        6.01034879715958e-12,
        5.717239300899915e-12,
        8.507251501695928e-12,
        4.169072177913804e-12,
        0.048102550755136475
    ],
    [
        0.008065811707799405,
        0.01363800425495234,
        3.68658977100022e-11,
        0.0024946227006476277,
        0.004464244813349899,
        2.600745470772586e-10,
        0.005955528635921778,
        2.6033409428875693e-10,
        0.0019998945290659524,
        6.705036873613141e-10,
        0.004383097272604739,
        0.004386418460324727,
        0.005730277308174252,
        0.009980398691956223,
        0.002609675474928266,
        8.612813777838843e-11,
        1.3966244034281504e-09,
        9.352218232404357e-11,
        0.07652292909955014,
        1.8155058316789729e-10,
        1.1537390388744264e-10,
        1.617088719884569e-10,
        0.008098865323427584,
        0.009519113077730918,
        1.27894581087631e-08,
        0.011339856531122622,
        0.001809097972326673,
        0.006137826420132461,
        8.247959450824436e-11,
        9.612389956916197e-11,
        0.013409953822804386,
        1.4968313457518475e-10,
        0.0031504182532571317,
        2.4026921151681994e-10,
        0.002216788244332993,
        0.36999881326767015,
        0.0036152584758970727,
        0.05972522329611586,
        0.07435334232449507,
        0.009689625497437314,
        0.009225384090415753,
        0.003815428366212433,
        6.127234672530676e-10,
        0.15777932498651248,
        0.0013927092450313646,
        0.000842120819389961,
        0.006451362947701204,
        0.0017108934748841528,
        1.5765674017783575e-05,
        0.013828303101262544,
        2.253285223271824e-10,
        0.002152266915657277,
        0.018234113099164864,
        0.00626368769860303,
        4.2419898179208985e-10,
        0.009244026521727181,
        0.00692818637131225,
        0.005547221764768992,
        0.010953779929583959,
        0.032320321652400306
    ],
    [
        0.006553421036796866,
        0.017582241645534607,
        3.366752502737548e-11,
        2.0500195350697056e-11,
        0.01346559682739424,
        2.4150193223486343e-11,
        0.00021095327179332618,
        5.323471217315805e-11,
        2.557864199900837e-10,
        1.1524260213759773e-09,
        0.003897809774801663,
        5.124358106999064e-11,
        0.017722010203296376,
        0.0197454085543897,
        0.008383220593270107,
        1.824894123246713e-11,
        0.008644405378582782,
        4.391851085203293e-11,
        0.06268435802647766,
        0.0029273415721704156,
        8.151233294747969e-12,
        4.749338059064673e-12,
        0.0034223220283019964,
        0.02499160368384346,
        0.0037891952271836113,
        0.027972117587611877,
        0.006919616513959048,
        0.015964064390845585,
        6.754942073041024e-11,
        1.1314596228302313e-10,
        0.023860985002745208,
        1.2506928189926576e-11,
        3.181005275121378e-11,
        6.395083031274998e-11,
        0.008715925976061434,
        0.3420329545214731,
        2.0060814940420305e-10,
        0.010493323595373659,
        0.052481477165277936,
        0.019644544359864118,
        0.011492449416911042,
        0.02205462057242379,
        4.448645852467176e-11,
        0.11557980709112382,
        0.01803138569927609,
        0.004875948428305107,
        0.007066099029183355,
        4.137985197262555e-11,
        1.642686903698852e-10,
        0.02591904516407495,
        2.4840291072688588e-11,
        0.01360899869608691,
        1.8122926487407207e-11,
        0.014529316136672943,
        5.87740576308568e-07,
        0.013136169511796959,
        0.01891656701659507,
        0.015096516115778339,
        0.017587589954231517,
        3.6735967545275274e-11
    ],
    [
        0.01019292639775998,
        0.02174866707740149,
        1.8582078873095017e-10,
        4.722348208857308e-10,
        0.0116462022027583,
        3.9438119244142313e-10,
        0.0027865171504094233,
        4.055085014989907e-10,
        0.004208987582744841,
        4.104124808302004e-09,
        0.008102541054327124,
        0.0034454741632224412,
        0.024260947714697733,
        0.018479294265006465,
        0.011083023731247341,
        2.4547594673049585e-10,
        0.005336249843246073,
        3.5445206732980517e-10,
        0.05630587712567116,
        0.0036358199490021505,
        2.904720293352441e-10,
        2.738849491226443e-10,
        0.004770725889134038,
        0.02908748467982732,
        0.003438852367176554,
        0.030516903052952394,
        0.010535396780333613,
        0.022095405420026956,
        1.0093613870207476e-09,
        0.00017320676289534796,
        0.027608075515813124,
        0.011629833484682151,
        4.716900021627599e-10,
        0.0006762323093991575,
        0.012008649291340129,
        0.313973128950509,
        5.231725308616964e-10,
        4.083892963287004e-10,
        0.00977079457227207,
        0.02808048374474624,
        0.012484795567794036,
        0.02848057543939811,
        0.004175829081687599,
        0.09257704954787094,
        0.021112482362604285,
        0.009463876581509293,
        0.012905828242917207,
        0.00159874243627838,
        0.004539188674666255,
        0.008530095656741,
        0.003981745463635132,
        0.013676822325137363,
        2.6872459861204656e-10,
        0.023252703528279007,
        0.005842420533785289,
        0.013315095309056713,
        0.02408892039156605,
        0.016333145588752866,
        0.018042972368296422,
        4.1565295659860676e-10
    ],
    [
        0.006235567979242243,
        0.02524194977727496,
        4.686772045470288e-10,
        5.873614477289183e-10,
        0.01379756318631827,
        7.47857138813588e-10,
        0.0020231549736041982,
        3.0974130053600032e-06,
        0.007212783533531987,
        2.4846005870822517e-09,
        0.007091310733860656,
        0.0009206301616105715,
        0.02079571074616711,
        0.020756895446566698,
        0.006463019847583818,
        6.19527463856162e-10,
        0.0020968865482038877,
        0.014454684661708708,
        0.053095561958201844,
        1.5779732083777229e-06,
        1.1411063293047567e-10,
        4.4349095914179166e-10,
        0.004060666831372774,
        0.023931585445794965,
        1.4401410226766823e-06,
        0.028172951141044636,
        0.007587054349090962,
        0.017838520326185065,
        1.0104463862597732e-09,
        0.003722345238024431,
        0.03304386136627117,
        0.008368873905827936,
        0.0016478173035065155,
        4.666032978392934e-10,
        0.006838106929894152,
        0.279336249963213,
        4.875197581282115e-10,
        0.00037121483664610583,
        0.077597023992911,
        0.025351073466122868,
        0.011695955371021286,
        0.025447846934870507,
        1.034641818707259e-09,
        0.08696626880655213,
        0.01860849041252766,
        0.008690316618119457,
        0.0146917912900965,
        0.004618261795827135,
        0.0017469046984916864,
        1.2496631852361179e-06,
        0.002526659953055121,
        0.017796886847285993,
        0.009856669732507461,
        0.02128230260185443,
        0.007272446238991613,
        0.01357901016112414,
        0.02325316479834143,
        0.01538754870936021,
        0.018519036086622063,
        6.384587010004381e-10
    ],
    [
        0.009686231139559498,
        0.016617295433883846,
        5.2098940459994925e-09,
        0.005131565665220698,
        0.015697831915834366,
        0.0014113344250824705,
        0.0033408535541154675,
        0.00014132383888345665,
        0.009832306900991942,
        0.0016286959269739127,
        0.011197361326661808,
        0.011665768648664813,
        0.019086856961201597,
        0.022623527804831258,
        0.005428607965986296,
        9.261815073846667e-05,
        0.0009480310410941739,
        0.0032905777682008305,
        0.0507797328948118,
        0.006701270930985199,
        1.2520321109496374e-09,
        6.407767337468447e-09,
        0.005252742039941257,
        0.02577857227496305,
        0.005680565683642213,
        0.027029607364237318,
        0.011722573733523225,
        0.019298390582427636,
        0.002416477328868649,
        0.0024659126240864446,
        0.03461827254075224,
        0.0002719842472863712,
        0.003640431814819325,
        0.004550703271236231,
        0.010499895448580166,
        0.2521054641420648,
        0.004635976749858737,
        0.0037121384974589584,
        0.06537362375558545,
        0.028953746123325002,
        0.01300587389140077,
        0.026853015516357773,
        0.0026595808865996938,
        0.05585607657846381,
        0.018149635460442567,
        0.012849341994824005,
        0.02136355014385092,
        0.007107729097007972,
        0.004556209433752686,
        4.1973125534463835e-10,
        0.0053028684776012846,
        0.019397585838637897,
        1.4728824135952849e-09,
        0.020413263134812742,
        0.009674217663322182,
        0.015040025751787556,
        0.023211579302704236,
        0.015687120987486168,
        0.021874966697032056,
        0.003688473865765231
    ]
]