[
    [
        0.02008942174264553,
        0.02048022410738371,
        0.01131781568025292,
        0.019576585660333334,
        0.01722997345214201,
        0.01967231697233933,
        0.013115195796909283,
        0.014251138885649259,
        0.01802623687890851,
        0.019633634437473516,
        0.013240831189929702,
        0.015842053013931174,
        0.01890492665166948,
        0.01778495751212345,
        0.015195870691356986,
        0.006048454994068229,
        0.02057479838314678,
        0.023201793454305474,
        0.021606185391853543,
        0.020342495523339072,
        0.012142236085738209,
        0.013067058851638898,
        0.019536243368993702,
        0.0197413224513769,
        0.0223170785930705,
        0.021336838889157304,
        0.0209456884862742,
        0.016196475334400447,
        0.019017883637496572,
        0.018056807528720926,
        0.01658392518366097,
        0.008436122945908278,
        0.014473889870030135,
        0.02265681135503273,
        0.014911791596018718,
        0.011649064077303059,
        0.016221022414642926,
        0.015836930843127577,
        0.00035697854468748466,
        0.01988164481174746,
        0.02551838547630075,
        0.019139130850850308,
        0.011051118883028474,
        0.006572168230529893,
        0.015784838068326316,
        0.017199370963211842,
        0.010172607038701126,
        0.015656918410602263,
        0.016256130452461617,
        0.023201793454305474,
        0.015010385917728908,
        0.023461695014218173,
        0.011361218936660597,
        0.022347911717847294,
        0.02017342255514503,
        0.021434717121798914,
        0.015836000957217655,
        0.020644810822037143,
        0.016356416292555086,
        0.0033202335476580284
    ],
    [
        0.00360190365945969,
        0.03508256310461083,
        0.03599654657612322,
        0.011997302879293044,
        0.0036509124152939794,
        0.012294385084564976,
        0.00823971316021591,
        0.006057804846013587,
        0.025253796540193576,
        0.025101396513962763,
        0.003424846863560495,
        0.023288844396291836,
        0.013653324288670788,
        0.008780491580519627,
        0.008609375395144869,
        1.8858008670082758e-10,
        0.018260888145075208,
        0.02026133020253075,
        0.00741577812526087,
        0.010009724512225393,
        1.537939461518435e-10,
        1.7158068178059056e-10,
        0.01978447179399677,
        0.0183077634186483,
        0.017075277525155093,
        0.014407641128202335,
        0.012584645226358918,
        0.02554441949483801,
        0.0350820709331206,
        0.011959469962484684,
        0.013573724097045646,
        0.0030592124237232604,
        0.0009324052910671337,
        0.024545593100899734,
        0.003361537579072761,
        9.110856142829895e-10,
        0.0662029107196065,
        0.15747812837342304,
        1.8625087123599057e-10,
        0.016588160250202127,
        0.017127342279513166,
        0.03421689667805281,
        4.4116278059682344e-08,
        1.6238196207806429e-10,
        0.0038282254783977457,
        0.0050926750914820455,
        4.5765053623411426e-10,
        0.00282769834012169,
        0.0056429489037913665,
        0.02026133020253075,
        0.005330225063741281,
        0.02142603104585294,
        3.354559651795581e-10,
        0.023552450921874673,
        0.023418267050806622,
        0.06651499209431556,
        0.004715787989910476,
        0.0265463862017515,
        0.018030336196525856,
        1.712791991737516e-10
    ],
    [
        0.004914056061529164,
        0.03434511338021369,
        0.019561705155060498,
        0.006360578469951663,
        0.0020131396152893825,
        0.014352224429985681,
        0.009611760936221644,
        0.0041821018257618536,
        0.026966693950394548,
        0.024494454872412325,
        0.0063665163119240335,
        0.026120150298514718,
        0.015126143191163914,
        0.01157436766611954,
        0.010915389670523946,
        0.0004003448231506332,
        0.020074817962530186,
        0.022714414402292205,
        0.007113075332197334,
        0.011998047692558652,
        1.725966379020306e-08,
        0.0032078234119747146,
        0.019980243823772538,
        0.020765156358958873,
        0.017648328298834743,
        0.01742392523107634,
        0.013546481751088094,
        0.027076315488493236,
        0.02293603170224782,
        0.011043679456624905,
        0.013835399337542395,
        2.125723035011423e-12,
        0.0019778697903634073,
        0.021128555033634037,
        0.0037277646435556937,
        0.0066625806483088515,
        0.0591604138764153,
        0.12888948388112434,
        0.011323391129548213,
        0.019166387942628222,
        0.018590774416272896,
        0.03551297045749393,
        0.0030061368698431398,
        3.757644763367513e-12,
        0.006445010535006014,
        0.0070612755263711625,
        0.0007609492493180535,
        0.005259248271328171,
        0.007582768541040691,
        0.022714414402292205,
        0.005736476535110363,
        0.023950519445343203,
        8.495877717795601e-10,
        0.0238403891797903,
        0.021797171196954075,
        0.06577443005154918,
        0.004347299684825421,
        0.028371538439786546,
        0.02054368121040196,
        1.8343523982224267e-11
    ],
    [
        1.1182600720058593e-11,
        0.03015948871153577,
        0.006823906212515954,
        4.347952779528605e-09,
        1.428673048924817e-11,
        0.005222430424146131,
        0.011818097713682911,
        0.006007206864898994,
        0.022318642843449397,
        0.011344999699974075,
        0.015593088654540628,
        0.02853965555348377,
        0.012250573474297425,
        0.017423037813392144,
        0.008201885222315346,
        0.050926800527588745,
        0.01575293535696513,
        0.017052037998262715,
        0.010886026608602441,
        0.0070525982895906026,
        0.04704971267603,
        3.1077806074361096e-12,
        0.019684432905407556,
        0.01613141702118058,
        0.014005695241970937,
        0.016911446086305758,
        0.007409485795039044,
        0.023477073954679926,
        0.010938699824315916,
        0.0077697135250551505,
        0.015325628034918794,
        0.015335052384455308,
        0.004097200836392966,
        0.014210585265784326,
        0.020725177850174095,
        0.019595904738339203,
        0.04972505833648046,
        0.12786577484407746,
        0.005397727915159325,
        0.01657936347446399,
        0.016255489314070563,
        0.029771869755768614,
        4.7231477313594256e-12,
        1.6397285592601338e-12,
        0.00024837471658426853,
        2.5161065683067134e-09,
        0.0013953911532548244,
        0.014523839680999583,
        0.005226050429389178,
        0.017052037998262715,
        0.023772114681886586,
        0.018171734402839684,
        2.0147140192119268e-12,
        0.018994238668989943,
        0.014477211208684755,
        0.060547593095389915,
        1.3961100696408992e-11,
        0.023113435448673874,
        0.026842049850882135,
        1.4564640851391792e-12
    ],
    [
        2.0021359062910533e-12,
        1.4620214078875663e-12,
        1.3657501854744314e-12,
        1.7673580767171809e-12,
        1.8015908919429522e-12,
        1.3535899323533097e-12,
        1.8368629052978567e-12,
        1.5189594053253154e-12,
        1.4646301866442997e-12,
        1.9790689675916834e-12,
        1.6465884101923695e-12,
        1.477974177261401e-12,
        2.4995056458777834e-12,
        3.638315407214908e-12,
        2.5974211470133516e-12,
        1.0065203407174308e-11,
        2.677309544334385e-12,
        0.09708859501138427,
        0.0342275056218837,
        1.578000759100613e-12,
        1.3533173590651818e-12,
        1.2320056416040189e-12,
        1.723028873366776e-12,
        2.351345108620974e-12,
        1.6296015955944697e-12,
        2.699884023762349e-12,
        1.7742644074179765e-12,
        1.5260557017089624e-12,
        1.4730094715726223e-12,
        1.6466902036070566e-12,
        2.2258458158908895e-12,
        3.4528149747368735e-12,
        1.8151529078990395e-12,
        1.5245193699722457e-12,
        4.420343336614561e-12,
        0.8686838992476485,
        1.4767445967307696e-12,
        1.870016304173981e-12,
        1.2272091851164091e-12,
        2.2866975964809945e-12,
        1.5530781865772288e-12,
        2.509151015678189e-12,
        1.2731608724938272e-12,
        1.6312336619829372e-12,
        1.4087533892858718e-12,
        1.7646991037479625e-12,
        2.688043228441581e-12,
        1.3473151756680404e-12,
        1.4121277314152585e-12,
        2.175195690083855e-12,
        1.4685544063435606e-12,
        2.292624609151075e-12,
        3.335555608787391e-12,
        1.845016016035074e-12,
        1.7161159969952196e-12,
        1.7448592282898611e-12,
        2.5498915027932332e-12,
        1.9704598617132672e-12,
        2.5846543193056745e-12,
        1.369282807613538e-12
    ],
    [
        4.49484606752344e-10,
        2.7417269654304283e-10,
        1.836565611365562e-10,
        2.3961582734234203e-10,
        4.160797704760325e-10,
        2.2829339636930442e-10,
        3.5921371664106574e-10,
        2.0214236776755422e-10,
        3.9910276200188124e-10,
        4.1979435495784514e-10,
        2.2008747009931827e-10,
        2.0718075442972445e-10,
        3.3320139658650854e-10,
        1.9302023085019928e-10,
        2.254710246248531e-10,
        2.0993889021265988e-10,
        2.767779415126318e-10,
        0.06953696002137022,
        4.952139854551048e-05,
        3.408156932074904e-10,
        0.017304229436174438,
        2.0493200479460193e-10,
        3.429379031202089e-10,
        3.238765437467602e-10,
        3.2959703589741006e-10,
        2.923062130333911e-10,
        2.6486102265375696e-10,
        2.503164528730055e-10,
        3.115871655373516e-10,
        2.1984651873955552e-10,
        3.293334127731403e-10,
        0.07358230524642448,
        2.755259764316974e-10,
        3.169019511907665e-10,
        0.002147896803848121,
        0.7791209163121194,
        6.944478734961777e-10,
        0.058258155291851306,
        1.611347570934948e-10,
        3.1225720369953665e-10,
        7.518416691129874e-10,
        2.8308309761439165e-10,
        2.868226857443711e-10,
        1.8113746280147722e-10,
        2.4668317401617795e-10,
        1.958878648636521e-10,
        2.0346143694358146e-10,
        2.1299313563120295e-10,
        3.0972397634923086e-10,
        2.957836355573367e-10,
        2.0535542429815092e-10,
        4.3794765808854116e-10,
        2.004034709015429e-10,
        2.8433986987707146e-10,
        2.764808247366116e-10,
        3.152057833693941e-10,
        3.524847264445484e-10,
        6.35041562059846e-10,
        2.165281618013201e-10,
        2.2444562832039217e-10
    ],
    [
        5.3021199011369974e-11,
        5.2567863568915574e-11,
        2.531348500372096e-12,
        4.338359664296828e-11,
        2.647208817638326e-12,
        3.626421676796056e-12,
        2.7979572314994533e-12,
        2.6121372540605014e-12,
        2.8047316991716142e-12,
        4.697321359352975e-12,
        2.808647133106324e-12,
        2.4382541397099305e-12,
        2.6259500556388973e-12,
        3.0658610568516148e-12,
        7.449389224473161e-12,
        1.9451653520052898e-12,
        2.437911056488092e-12,
        3.788415490966978e-12,
        5.508340062710184e-12,
        5.8171262445394465e-12,
        1.5265855326475555e-11,
        3.061158042080546e-12,
        2.9455733798252005e-12,
        3.581080539684878e-12,
        3.139963677237162e-12,
        2.999199383831097e-12,
        2.88940104988726e-12,
        2.906880470861506e-12,
        1.0907767608135452e-11,
        2.429215157348205e-12,
        3.1993526453773787e-12,
        2.686109200880437e-12,
        2.713757236124929e-12,
        1.0637185621913753e-11,
        2.1636546769742994e-12,
        0.46832478924299453,
        4.620353076818129e-12,
        0.10859260725907277,
        0.10692548216460146,
        2.5245435382187417e-12,
        2.618262064183266e-12,
        2.958036705125984e-12,
        3.73261945943942e-12,
        0.27790743540240603,
        6.484505112868678e-12,
        2.6048633350447726e-12,
        2.9194594481633947e-12,
        3.96908049964101e-12,
        3.3090357360713478e-12,
        2.7588995528049808e-12,
        2.5338625070248537e-12,
        3.133340234751161e-12,
        0.004768213700837332,
        4.027430673398327e-12,
        2.4965467379982257e-12,
        3.035160034618691e-12,
        2.982249304308159e-12,
        3.5795905937718858e-12,
        2.518553288276143e-12,
        0.03348147188736551
    ],
    [
        1.1690281822484588e-10,
        0.012181010980439158,
        1.9285075900663066e-11,
        8.707694253592676e-11,
        0.0019932215991101516,
        9.047087031682098e-11,
        0.005470593798909109,
        9.266319068887776e-11,
        0.000731962102303682,
        2.5315189668687383e-10,
        0.0021179903284182042,
        0.0037545134453747264,
        0.004203884831132324,
        0.008374471405215134,
        0.0007294144877799116,
        4.265961612378014e-11,
        2.1410241193522606e-10,
        1.3436202611144828e-11,
        7.672475583796733e-11,
        7.924732637284572e-11,
        6.500003402799645e-11,
        6.9026975033995e-11,
        0.008266527150907636,
        0.00789240509480794,
        2.340377612135937e-10,
        0.009531217988401414,
        0.0006881412222441842,
        0.0047992516819845175,
        3.9816199288129646e-11,
        4.618603886622289e-11,
        0.012669629330255922,
        6.264381054992385e-11,
        0.0019496425682561868,
        1.0119202076091937e-10,
        2.4540355950411037e-09,
        0.42652711159592543,
        0.003230115940272813,
        0.06859163511866366,
        0.08674093302323982,
        0.007929660884437329,
        0.007053165445891676,
        0.0015963257356077056,
        1.9146570418797285e-10,
        0.24321648909925628,
        0.0002468135291612927,
        4.083745227805478e-10,
        0.005819809603021737,
        1.3716524279204458e-09,
        1.3842525887812776e-09,
        0.016656252232196148,
        8.515833738633655e-11,
        1.546457308102513e-05,
        4.501718243804079e-11,
        0.004639770347139368,
        1.9206869146159223e-10,
        0.006016743912338818,
        0.006548512834958021,
        0.004062300709185109,
        0.009254760970292595,
        0.016500248627849854
    ],
    [
        3.790460061664254e-09,
        0.01512918064260062,
        1.7102008250543434e-10,
        1.0633004927739037e-10,
        0.011180008458267695,
        1.283479168712556e-10,
        7.85565566711872e-10,
        2.2919614339772676e-10,
        5.601005523752564e-10,
        8.521855932287623e-10,
        1.0193839859841177e-05,
        2.231444923696502e-10,
        0.016739029326293068,
        0.01667118383913248,
        0.0042454493527434335,
        1.0519797106223562e-10,
        0.0071769853424744545,
        1.873989151259482e-10,
        2.38835246409865e-10,
        0.0013376415265973678,
        4.9600017527981474e-11,
        2.889757802854659e-11,
        4.145482276305897e-07,
        0.024529568067399227,
        0.002375777804686723,
        0.026498564169196517,
        0.005623893307347202,
        0.014468930549428436,
        2.835793734031323e-10,
        5.187533353179942e-10,
        0.023951727241880362,
        7.014524757149483e-11,
        1.5438309502752275e-10,
        3.063305290915701e-10,
        0.006954532959090683,
        0.39201421186957913,
        4.759081712881251e-10,
        0.009555786337130957,
        0.05942981461271364,
        0.018197991183189828,
        0.00856313839293297,
        0.02092635932915829,
        2.4601020976070277e-10,
        0.18280406637795069,
        0.01748494532937632,
        0.0042207442311461875,
        0.0027736626963835364,
        1.9420619277498983e-10,
        4.806520374856739e-10,
        0.0289498199272098,
        1.4533783144246336e-10,
        0.010869549718944044,
        6.257722892496413e-11,
        0.013225768714216341,
        3.2526653265245256e-09,
        0.008798245707789401,
        0.01713966404874015,
        0.013330793300501785,
        0.014822343519152981,
        8.161622910923764e-11
    ],
    [
        0.004960470393213984,
        0.01972706131273404,
        1.6775304218704355e-10,
        4.0998067161694345e-10,
        0.008997837688156986,
        3.120788053937028e-10,
        0.0026501937404410695,
        4.0925425178726947e-10,
        0.005237223674981273,
        9.495968242043949e-10,
        0.004783252393708446,
        0.0041354451871966,
        0.023849572741246893,
        0.01595820181817037,
        0.007219340736239134,
        2.491287069200475e-10,
        0.002774383652643325,
        3.240703272971911e-10,
        1.560793174965509e-09,
        0.001920569025681394,
        2.8339426156509034e-10,
        2.5317737109309237e-10,
        0.0010370969445093546,
        0.028785961040634387,
        0.0016629230410645534,
        0.028945530238072253,
        0.009521504914691436,
        0.021111302072506142,
        1.109791659993092e-09,
        5.1748999157916716e-05,
        0.027936123678929094,
        0.011432061415570315,
        4.2412410164242045e-10,
        0.0005874706620727218,
        0.010171173111852477,
        0.3604215338290006,
        4.963143909985549e-10,
        2.6222719600434093e-10,
        0.014356251319168362,
        0.027531881022837768,
        0.00886334810852179,
        0.02815405144704259,
        0.0038842321514958433,
        0.1485834574230239,
        0.02030872136490251,
        0.008789250284055994,
        0.009781445553233587,
        0.0026468251215101056,
        0.005460211372797538,
        0.013264179560886378,
        0.004716308852841241,
        0.011046863326609601,
        2.9585680741872433e-10,
        0.023404098023129007,
        0.005231865593659156,
        0.008154932160620363,
        0.022063947343053038,
        0.014628270764987293,
        0.015251868978997636,
        4.061097591461631e-10
    ],
    [
        4.269855716482769e-05,
        0.02432723732835225,
        4.740720273012805e-10,
        8.108546631763663e-10,
        0.011253761874511485,
        1.2395627994535393e-09,
        0.0015640810861557617,
        3.9844048227586275e-09,
        0.00848526739900443,
        1.5344321878747477e-09,
        0.0035670634299752504,
        0.0007851956200551672,
        0.02001252584313381,
        0.01832997946085456,
        0.0018479753897041012,
        8.585927201512459e-10,
        4.2947568177009645e-09,
        0.016254808189288546,
        0.0007579033230997468,
        9.871732003048053e-10,
        1.7202825567934744e-10,
        5.239469676668189e-10,
        0.0002735609344921361,
        0.02293398915470783,
        9.792208762647702e-10,
        0.02648314103131065,
        0.005836607249704424,
        0.016202007294503894,
        1.099525347633649e-09,
        0.004351547423972404,
        0.03445425739908308,
        0.007632461960178878,
        0.0018686076540036214,
        5.970851491616146e-10,
        0.004421339991204667,
        0.32094716471012424,
        6.254833957039883e-10,
        2.8801635881096137e-09,
        0.09164733664612285,
        0.02412272628281888,
        0.00786455091977329,
        0.0245874334571026,
        1.1118615450329062e-09,
        0.13705270230168404,
        0.017440234895707687,
        0.007774642692238525,
        0.011805990633873125,
        0.0053742265920511895,
        0.0020492911249119354,
        0.0033426113250535775,
        0.002447857845801212,
        0.015363126720870705,
        0.009599144627773122,
        0.020503001376238828,
        0.007028483557983761,
        0.0088461774902583,
        0.021417301779852797,
        0.013490261066322057,
        0.01560969306559363,
        1.1150345134362971e-09
    ],
    [
        0.005074936979337461,
        0.015144384550696608,
        1.5902660256512723e-06,
        0.006460187190503619,
        0.014318083565463668,
        0.002192979115732275,
        0.0026012888209179597,
        4.7834632568653115e-05,
        0.0116088759338047,
        0.0022320491335205386,
        0.008678942172991184,
        0.01138561072214525,
        0.017524084881994254,
        0.021374948690787307,
        0.0004232998272091567,
        0.0003522740448314404,
        4.376300327026016e-09,
        0.0009990266791444777,
        0.004497214119613493,
        0.0075288960836469255,
        1.1589936823421348e-09,
        5.056536731601212e-09,
        0.0015510269387456026,
        0.025236851752455294,
        0.006798944753963193,
        0.02504963445784827,
        0.010432693302776843,
        0.01718723246630653,
        0.0032728587356435673,
        0.00317843426991313,
        0.03608290087062394,
        0.0009184658084009464,
        0.003551193994399633,
        0.005680055737935719,
        0.008188580656197791,
        0.2896508791418823,
        0.0058479631522906465,
        0.0035677885359445723,
        0.07881581439560904,
        0.02875266915057088,
        0.010243282603375386,
        0.025970362518184117,
        0.0031651781762436575,
        0.08873096020700082,
        0.016468646138734257,
        0.012473782224041184,
        0.019717800079588118,
        0.00845158796079716,
        0.004699084569880362,
        5.884162076014852e-10,
        0.0058563634533317175,
        0.017660545872082743,
        6.797028306298151e-10,
        0.01981535162321411,
        0.009909825627465032,
        0.010655532865864467,
        0.021513472543291834,
        0.013563477401526114,
        0.019992972545815387,
        0.00490126619729435
    ]
]