[
    [
        0.020089478610921762,
        0.020480256761904778,
        0.011317691058171155,
        0.019576634924580325,
        0.017229944779415925,
        0.019672321865712532,
        0.013115252703370632,
        0.014251119305896478,
        0.018026286245129294,
        0.019633637771491873,
        0.013240891732792293,
        0.01584214737025587,
        0.018904978591164006,
        0.017784978456357077,
        0.01519592103364098,
        0.00604856200470753,
        0.02057484423258106,
        0.023201837299635163,
        0.02160620860388002,
        0.020342524333636286,
        0.012141158650502007,
        0.013067028883944674,
        0.019536266634055187,
        0.019741361602124887,
        0.02231707614749556,
        0.021336905755255632,
        0.020945730173151524,
        0.016196569809757498,
        0.01901793224947631,
        0.01805685055069872,
        0.016583988526557594,
        0.00843595650214723,
        0.014473853571711513,
        0.022656829570428975,
        0.014911876113078492,
        0.011649165692545118,
        0.01622107184543049,
        0.015836962238791132,
        0.0003571016168942912,
        0.01988171379364854,
        0.0255183722116738,
        0.01913915626608751,
        0.01105113287214905,
        0.006572193630020573,
        0.015784854717593298,
        0.017199429847555136,
        0.010172678231159991,
        0.015656968849081812,
        0.016256156914149587,
        0.023201837299635163,
        0.015010438876084204,
        0.02346173676109402,
        0.011361339496461367,
        0.022347967963360516,
        0.020173500984365284,
        0.021434835638325007,
        0.015836067623790064,
        0.020644873885686345,
        0.016356478439888064,
        0.0033190618788958848
    ],
    [
        0.005608433824638042,
        0.03366948564964006,
        0.033274094681209544,
        0.012886406882484523,
        0.00540575008209096,
        0.013898253247092169,
        0.00889036295687714,
        0.006848715494891887,
        0.024375879843786374,
        0.02483438502408384,
        0.004733212010206379,
        0.022590087838010954,
        0.014661573565482935,
        0.010119126255032989,
        0.009684807427466434,
        8.120960323786426e-11,
        0.01874603963098273,
        0.021169400023743252,
        0.008807883919075471,
        0.011393123553876042,
        6.847328797351229e-11,
        8.203981959660234e-11,
        0.02000872635791304,
        0.018833108133085075,
        0.018124855082400877,
        0.01574022052434819,
        0.013887469071765905,
        0.024714848601881938,
        0.03295159554902693,
        0.012748987081713582,
        0.014364389925813082,
        0.003018462035460095,
        0.002556027214486047,
        0.024412593690829997,
        0.004759691704598444,
        2.250888973685381e-10,
        0.06037627833939658,
        0.1401123571665199,
        8.550739242796136e-11,
        0.017358435892837087,
        0.018432674435147397,
        0.032697439194764116,
        1.7320859296670124e-06,
        6.850806026441826e-11,
        0.005511140752547973,
        0.006870618333804528,
        1.94146492377941e-10,
        0.00436417381061994,
        0.007076919844753974,
        0.021169400023743252,
        0.0067151917532846635,
        0.022150726085068847,
        1.9311940108913162e-10,
        0.024514516024726606,
        0.023354964739707548,
        0.061127744125289915,
        0.006285193308844033,
        0.02616539912908534,
        0.017997097001797104,
        6.950601337750421e-11
    ],
    [
        0.006907706628308186,
        0.033200791715424297,
        0.018518674795910562,
        0.007797203326535968,
        0.0030422462260531603,
        0.015733213425461683,
        0.01010668985777122,
        0.005182488628924652,
        0.02613369860758902,
        0.024411158166288225,
        0.007542667996340163,
        0.025292554837310563,
        0.01587710315829031,
        0.012529936715203364,
        0.011515491650210203,
        0.00011564346584461675,
        0.020480373464142596,
        0.023568547154508297,
        0.008597272684739353,
        0.013204913875825293,
        2.816824078549867e-07,
        0.003178915933583238,
        0.02024053480506367,
        0.021091446601402716,
        0.018476802549037833,
        0.018513242121960774,
        0.014619041185102634,
        0.0260718853447642,
        0.021819934144711978,
        0.011907504647744118,
        0.014538072573897057,
        6.55149131792652e-11,
        0.0034395985190976046,
        0.0212915047383789,
        0.004716326489651364,
        0.005728840982329436,
        0.05413804407219658,
        0.11493216550185754,
        0.010667647863557478,
        0.019716517644229773,
        0.019512447506132048,
        0.03399866773988573,
        0.002757803548630052,
        1.002316398106551e-10,
        0.007639146571102524,
        0.008620725331773943,
        0.0008118345713327215,
        0.00658787664734985,
        0.008703836123898757,
        0.023568547154508297,
        0.0069145169424724776,
        0.02457434825389097,
        7.792585954226325e-10,
        0.02477517935130181,
        0.02196577921343569,
        0.06058293508918904,
        0.005832942254607895,
        0.027979974824716418,
        0.02032675385183925,
        2.9743608240587427e-10
    ],
    [
        0.0011618899934721413,
        0.029832214618842542,
        0.007864208611938288,
        0.0020293876137716742,
        0.00021360660592054754,
        0.008122366839730888,
        0.012017729196469621,
        0.006826227380267806,
        0.022447849276502715,
        0.012965963972288832,
        0.015510383955625727,
        0.02754623847118631,
        0.013544789831796187,
        0.017667426118084202,
        0.009413146617512554,
        0.04288654507136845,
        0.01694743228489448,
        0.019053798533474824,
        0.012087902465363419,
        0.009070385225704842,
        0.040089806272080544,
        5.468229864555797e-10,
        0.02007904803979291,
        0.017338741815403208,
        0.01564351337334009,
        0.01828686597615559,
        0.00958401381730852,
        0.023009229295629683,
        0.011521546940094399,
        0.009171151868377057,
        0.01587847144512763,
        0.013224210320945506,
        0.005376090778471825,
        0.015486653792425193,
        0.019359564252348055,
        0.016700183402646562,
        0.04629589662473216,
        0.11367879667540434,
        0.0053761065424711004,
        0.01762639973621013,
        0.017740586890925857,
        0.029289299925334203,
        8.881701711367293e-10,
        2.8112850798100636e-10,
        0.002223854019876654,
        0.0022496091716470152,
        0.0015422683772601013,
        0.014518492730236955,
        0.006680903005763835,
        0.019053798533474824,
        0.022430179887293313,
        0.019910430084336867,
        3.468638109921932e-10,
        0.020893895837083492,
        0.015907070211799233,
        0.05621863167997037,
        0.0007889844975414203,
        0.023655414538164957,
        0.025960794652653604,
        2.4009383267796967e-10
    ],
    [
        4.905117891642103e-13,
        2.3612660432204327e-13,
        1.9065144248746278e-13,
        3.4860157229942186e-13,
        3.7287509504894964e-13,
        1.9928753525186978e-13,
        4.051461877014554e-13,
        2.622162145545677e-13,
        2.5609325770817193e-13,
        4.947131796209988e-13,
        3.151425463472616e-13,
        2.5127468377101555e-13,
        7.226221343957178e-13,
        2.6127438497987603e-12,
        7.491579430147192e-13,
        0.002102738351708693,
        8.128389546071461e-13,
        0.17023205327185742,
        0.13349739588594958,
        2.8542663389272276e-13,
        1.9841425933211287e-13,
        1.8223024084343357e-13,
        3.516215350100774e-13,
        6.541809903617896e-13,
        3.112967346040025e-13,
        8.35183433668075e-13,
        3.771542038061623e-13,
        2.715606477798239e-13,
        2.573703275348508e-13,
        3.020426908072619e-13,
        5.964178914701861e-13,
        1.9724361088143435e-12,
        3.9380143487457773e-13,
        2.6019939733175223e-13,
        7.124301035412601e-12,
        0.6941678123350684,
        2.5059956763792066e-13,
        4.79372750861804e-13,
        1.535199213228728e-13,
        6.349980455420132e-13,
        2.872786085287415e-13,
        7.438628872314728e-13,
        1.7209471658245502e-13,
        2.800468610999294e-13,
        2.1763116141932876e-13,
        3.6710352405369406e-13,
        7.984501610843825e-13,
        1.953181054127969e-13,
        2.1595645125551776e-13,
        2.1801550061340647e-13,
        2.424373691770773e-13,
        6.333033864506105e-13,
        1.2440721948710594e-12,
        4.240578129498212e-13,
        3.479490141736609e-13,
        3.9515846618862683e-13,
        7.219256693445417e-13,
        5.056767728027428e-13,
        7.77451987503185e-13,
        1.977936541353197e-13
    ],
    [
        8.350794844698418e-10,
        5.042585757993927e-10,
        7.302274461920748e-11,
        2.4041256419484535e-10,
        1.0609505188474427e-09,
        1.6715736700154694e-10,
        7.647651485952696e-10,
        1.462170736877275e-10,
        6.120111861023041e-09,
        9.509229749195509e-10,
        2.093288826467064e-10,
        1.6760674417794962e-10,
        8.570901540875676e-10,
        1.4100491479098408e-10,
        1.882812424535287e-10,
        1.3465362068503587e-10,
        4.1162834087301816e-10,
        0.14197040345959866,
        0.1106487092988477,
        9.933732508120282e-10,
        0.009626139183114031,
        1.2111906544068765e-10,
        9.066078942516728e-10,
        9.465559569573047e-10,
        1.050291835467228e-09,
        7.874152587179687e-10,
        4.959010556649177e-10,
        2.407741492110882e-10,
        3.3238414433613286e-10,
        1.9710191022959628e-10,
        9.47513416854735e-10,
        0.056825487893062354,
        2.952393123395889e-10,
        4.639504454940121e-10,
        0.00567952075811988,
        0.6321227179940264,
        4.197983150832503e-09,
        0.04311219467103963,
        6.143103762203761e-11,
        8.972046465031961e-10,
        1.4623163343491133e-05,
        5.385830999351591e-10,
        3.6090510296251225e-10,
        1.028331892181069e-10,
        2.3171951458405565e-10,
        1.6738446469608005e-10,
        1.3706447889951423e-10,
        1.7995819204001665e-10,
        3.940075131921839e-10,
        7.958559656041258e-10,
        1.4526700363381806e-10,
        8.448201511901167e-09,
        1.1980343486561232e-10,
        5.590910472805332e-10,
        4.98973147628991e-10,
        8.99982261803995e-10,
        9.126693201320321e-10,
        1.6283947796100025e-07,
        1.7990224925295624e-10,
        1.7217635203293183e-10
    ],
    [
        0.004804994376170691,
        1.1855433952562327e-11,
        5.036346955845119e-12,
        1.23709607457477e-06,
        5.228879843674108e-12,
        6.9186938227481285e-12,
        5.546965329074507e-12,
        5.1928583047996484e-12,
        5.5268609003859135e-12,
        8.757295035714587e-12,
        5.532835770236465e-12,
        4.835141590144542e-12,
        5.203789708236052e-12,
        5.989678915788744e-12,
        1.3486360140663781e-11,
        4.024838628931761e-12,
        4.8612717966818754e-12,
        3.874581537591542e-11,
        0.03477439041921017,
        1.0638189604462896e-11,
        2.232960753298327e-11,
        5.944335578260773e-12,
        5.7940197370308095e-12,
        6.85583640997989e-12,
        6.113537354291823e-12,
        5.8770999092095135e-12,
        5.666311838553529e-12,
        5.695484433476608e-12,
        1.9025837731588172e-11,
        4.791530231494324e-12,
        6.2063301945416145e-12,
        5.2115939074141715e-12,
        5.358822647205774e-12,
        1.8742219607488553e-11,
        4.4463154771572505e-12,
        0.45558323411193863,
        8.631098295940681e-12,
        0.10653848985548448,
        0.09750164473824412,
        4.975836332534602e-12,
        5.246935801972278e-12,
        5.789597070135711e-12,
        7.108223879797437e-12,
        0.2107615865200403,
        1.1867293394277973e-11,
        5.127108882728644e-12,
        5.741189734671219e-12,
        7.550357692480544e-12,
        6.415076242955743e-12,
        5.251412896366131e-12,
        4.988385293675672e-12,
        6.085823062291253e-12,
        0.039494038052405936,
        7.680889068693326e-12,
        4.941324086969863e-12,
        5.94429644064826e-12,
        5.849650810770341e-12,
        6.890048932310307e-12,
        5.032445964561863e-12,
        0.050540384444155734
    ],
    [
        0.00023859971186000018,
        0.01319414665751131,
        1.5480969625664347e-11,
        8.011149173845529e-11,
        0.0030853258750109668,
        9.007459644969348e-11,
        0.005560222633673816,
        8.280272405156688e-11,
        0.0010956758887705404,
        2.739827195260741e-10,
        0.0030221569973260644,
        0.0038600608442822047,
        0.004928984152902967,
        0.009148093620657894,
        0.0017616186261708608,
        3.399180379322789e-11,
        2.5074422942298153e-10,
        1.0874035137647411e-11,
        0.02558416712620449,
        6.819399398153788e-11,
        4.8926058342503547e-11,
        6.179328368734845e-11,
        0.008215566160512297,
        0.008827096337921695,
        3.0797204427877743e-10,
        0.01063235749755611,
        0.0009402000935082219,
        0.00532474911996792,
        3.467645008463889e-11,
        3.807053682473944e-11,
        0.013266018431485775,
        5.358903959076457e-11,
        0.0024308796078330473,
        9.738308293035142e-11,
        0.00017822030828111194,
        0.4155121051532028,
        0.0034562454530793463,
        0.06798909821564957,
        0.0809646761872504,
        0.008933873457166458,
        0.008543429980023413,
        0.0026711099650604075,
        1.9055088311429724e-10,
        0.18244014992117777,
        0.0006518464210980683,
        4.400144031405861e-06,
        0.00619423605551209,
        0.00042342825469023656,
        1.6792310021158557e-08,
        0.01438008435344125,
        7.487544639332576e-11,
        0.0011766543536734348,
        0.017215731117883236,
        0.005379631876200834,
        1.6255287720783923e-10,
        0.007766572634787283,
        0.0069089200855006645,
        0.005071002789936025,
        0.009979780677449495,
        0.03304286443438148
    ],
    [
        7.797083405545471e-07,
        0.017248194162396546,
        5.438495108913749e-11,
        3.1728657748664135e-11,
        0.012529711313693691,
        4.018555806601357e-11,
        1.1529041883372038e-07,
        8.362800454739694e-11,
        5.048232541430862e-10,
        9.163765143354951e-09,
        0.0023312724252912468,
        7.414655941023818e-11,
        0.017558993649571805,
        0.018674403631438137,
        0.007119312179423044,
        3.064363854976341e-11,
        0.008723560839564623,
        6.843341567805323e-11,
        0.013950194113121449,
        0.002632059894809748,
        1.3986557560164298e-11,
        8.170492037908124e-12,
        0.0024258800487755336,
        0.025174472270231164,
        0.0036105098757658748,
        0.02775192950516813,
        0.006265852861531487,
        0.015669033826073903,
        1.0579801497261921e-10,
        2.0634164536849505e-10,
        0.024526455975768382,
        2.1345600130811265e-11,
        4.968074525101237e-11,
        1.058053482247164e-10,
        0.007366108942770363,
        0.3841084529423424,
        3.7380149624127527e-10,
        0.015037396632087486,
        0.05629595006248395,
        0.01939469278431272,
        0.0107790746275033,
        0.021906151157609965,
        7.736628765686528e-11,
        0.13489427151505778,
        0.017951270400801318,
        0.004803393761245889,
        0.005697102013091108,
        6.128987897652629e-11,
        3.426846036319054e-10,
        0.026713313895911778,
        4.274688034522225e-11,
        0.01274715505013681,
        2.9071310695167462e-11,
        0.013959234258613278,
        1.4547075784754684e-06,
        0.01176700513735131,
        0.018870946132379017,
        0.014808470003464112,
        0.01670581285662132,
        5.624057925495213e-11
    ],
    [
        0.004641461959200938,
        0.021610818173561582,
        2.245157770574775e-10,
        5.453886140465238e-10,
        0.010570896232856716,
        4.6200239155271826e-10,
        0.0028532201401344527,
        5.155357151947704e-10,
        0.004536134663705041,
        1.415978568247444e-08,
        0.006933952888325479,
        0.003826271761287944,
        0.02427926613010177,
        0.01787573846984704,
        0.009898505423875457,
        2.9876705746795483e-10,
        0.005056396347344524,
        4.3645230111991656e-10,
        0.011082406707378357,
        0.003373091119819363,
        3.6970370241651884e-10,
        3.4382739632332113e-10,
        0.0038941399747187953,
        0.02932353297918005,
        0.0030722454532124783,
        0.0302694384915218,
        0.009961758370818512,
        0.02203976532838248,
        5.843608493499366e-09,
        0.00035165870005177753,
        0.028259663654841772,
        0.012480788480380605,
        5.92298629825364e-10,
        0.0008086367867961632,
        0.010752595654002993,
        0.3530262265918649,
        6.57423472537075e-10,
        1.0649851151258222e-08,
        0.012476394057770943,
        0.028096918206131385,
        0.011612045692217497,
        0.02850479115737199,
        0.004087106831923594,
        0.10833728733569097,
        0.021011302921736728,
        0.009557347483082002,
        0.012215063587698105,
        0.0023172958532978447,
        0.004977723886254357,
        0.011056518751541736,
        0.004324549421817694,
        0.012836346252990346,
        3.5078933784057004e-10,
        0.023223137968220283,
        0.005853577105327269,
        0.011452420387134645,
        0.02389590705774068,
        0.015950545760673247,
        0.017435073833220516,
        5.151706756403842e-10
    ],
    [
        0.0006589452939805797,
        0.025709289903276724,
        3.599168061290753e-10,
        5.418640945376618e-10,
        0.01236365421764208,
        6.573464225009451e-10,
        0.0018925061601870231,
        1.1256671032726152e-08,
        0.007655700660529384,
        1.2124429287233415e-09,
        0.005817047494900335,
        0.0009305096299987734,
        0.02048700414777918,
        0.020133543079172433,
        0.0049643471597861635,
        4.884987579759243e-10,
        0.0015341104918372894,
        0.01534176158284171,
        0.011236176099536248,
        1.212970213221238e-09,
        1.0480054528645413e-10,
        3.863082884003529e-10,
        0.0030654225922086033,
        0.023901755423282375,
        1.9371050638219095e-09,
        0.027862909002935234,
        0.006800066840717183,
        0.017436089155672525,
        9.014928706998069e-10,
        0.0042889791309680516,
        0.03402071673048435,
        0.00910636445538217,
        0.0014724475699859814,
        4.2533637328261447e-10,
        0.00522100659599577,
        0.31400609289620335,
        4.10717806069993e-10,
        1.6380262456965258e-05,
        0.08440507360647294,
        0.02510284007032642,
        0.010632486324404172,
        0.025284801181203284,
        7.381144687562926e-10,
        0.10121416429092454,
        0.01839557445367027,
        0.00862849481025506,
        0.013971045843516482,
        0.005150645790638883,
        0.0018943236264817949,
        0.0019021451758065612,
        0.0027818046913483593,
        0.017236815129707813,
        0.011465991294570193,
        0.02101972298291434,
        0.007417255674744537,
        0.011746479240369844,
        0.023141359038556564,
        0.01489396365825761,
        0.017792165242102122,
        6.639650100611294e-10
    ],
    [
        0.004984255783381809,
        0.01591831476538825,
        2.2287758845080837e-08,
        0.006227463010608212,
        0.014655610273565212,
        0.001354772580465711,
        0.0035793644279765997,
        0.00044632527739586135,
        0.01068662949847909,
        0.0015901688292198808,
        0.009885879365349914,
        0.01172220606638468,
        0.018273661676993496,
        0.022324000769443103,
        0.0035894264038809315,
        7.285875355423226e-05,
        0.0006256876887134001,
        0.0030109742548097866,
        0.013881440730478485,
        0.007462319005142173,
        5.285036422624868e-10,
        5.704775855844324e-09,
        0.004690167147536232,
        0.025642985820571604,
        0.006062148455169564,
        0.02651319726590983,
        0.011283880712482371,
        0.01860964020238382,
        0.0029918763710128473,
        0.003219896521858109,
        0.035487779397962285,
        0.0004962667222089609,
        0.0038710997418172593,
        0.005181898238349978,
        0.00854379157971677,
        0.2828620251780344,
        0.005054616985081908,
        0.00375985978110734,
        0.07267635525926149,
        0.02890422474306157,
        0.012172730670838723,
        0.026341223631201456,
        0.002718875427272234,
        0.06538377794206807,
        0.017443989402935962,
        0.012765496355844043,
        0.021512062660583895,
        0.008164227775006744,
        0.004571446284117697,
        1.7283361102120698e-10,
        0.00615176387694822,
        0.01920973268188973,
        6.767529130711977e-10,
        0.020737052615656067,
        0.010198333658445484,
        0.013205192574476195,
        0.02296193556294741,
        0.01491256774435426,
        0.0212959319157335,
        0.004110560560265583
    ]
]