[
    [
        0.020089500454555292,
        0.02048026134385994,
        0.01131768476774156,
        0.019576634988285102,
        0.017229947638552585,
        0.019672319923065725,
        0.013115244053024094,
        0.014251097668718127,
        0.018026286853903103,
        0.01963364775796432,
        0.013240896305538551,
        0.015842140488533125,
        0.01890496341178273,
        0.017785015938374622,
        0.015195947856102602,
        0.006048542649062309,
        0.02057484851321063,
        0.023201832627883123,
        0.021606195593199297,
        0.020342502981068704,
        0.012141175380375943,
        0.01306701016489905,
        0.01953628595574437,
        0.019741355130234686,
        0.02231707918398889,
        0.02133687835970982,
        0.02094572991063332,
        0.01619653145585487,
        0.019017918955989227,
        0.018056840707378723,
        0.01658397943170496,
        0.00843595821099743,
        0.014473844590663408,
        0.02265684820791053,
        0.014911894015782969,
        0.011649149821555476,
        0.016221072936798583,
        0.015836976529432466,
        0.00035712622029358295,
        0.019881698040536397,
        0.02551837140402462,
        0.019139146967507042,
        0.011051164481613012,
        0.00657221819393239,
        0.0157848506625948,
        0.017199461448640204,
        0.01017268566329059,
        0.015656960732264406,
        0.01625615746013223,
        0.023201832627883123,
        0.015010452460121745,
        0.02346170664370271,
        0.011361344082982887,
        0.022347985103972734,
        0.020173497115779145,
        0.021434834643661294,
        0.015836049468764563,
        0.020644874651132124,
        0.016356481824338,
        0.003319059338767946
    ],
    [
        0.0056084891201933496,
        0.03366945670805399,
        0.03327404914914734,
        0.012886409122592845,
        0.005405786127878179,
        0.013898260442003292,
        0.008890382269755278,
        0.006848701272147966,
        0.0243759118950537,
        0.024834350037464804,
        0.004733246103196201,
        0.022590076656216086,
        0.014661564087361401,
        0.010119187635085005,
        0.00968482590524942,
        8.121543132350545e-11,
        0.018746053742461924,
        0.021169405032265762,
        0.008807875038532585,
        0.01139309247983867,
        6.847860624979955e-11,
        8.204617815682033e-11,
        0.020008746068361904,
        0.018833059605062187,
        0.018124869455992513,
        0.01574021371135135,
        0.013887498072950833,
        0.02471481968427867,
        0.03295155453116952,
        0.012748976734148864,
        0.014364387457076919,
        0.003018460451804831,
        0.0025560377345927652,
        0.024412688625160436,
        0.00475969972656531,
        2.2510495376299231e-10,
        0.06037621269424697,
        0.1401123031862821,
        8.551413142390428e-11,
        0.017358445490524448,
        0.018432707954084374,
        0.03269729126004285,
        1.7322245588470413e-06,
        6.851339178168208e-11,
        0.00551116491730225,
        0.006870628221661402,
        1.9416005321650137e-10,
        0.004364164643334709,
        0.007076936398809447,
        0.021169405032265762,
        0.006715228871544705,
        0.022150709935424916,
        1.9313520590571643e-10,
        0.024514536137561313,
        0.02335495975264648,
        0.06112775329956176,
        0.006285206690373425,
        0.02616539607618297,
        0.017997081466560257,
        6.951111866188653e-11
    ],
    [
        0.006907751710548263,
        0.033200763518772984,
        0.018518636924137147,
        0.007797208362662052,
        0.0030422750422418807,
        0.01573321988921924,
        0.010106712742673822,
        0.005182478674794141,
        0.026133719027688292,
        0.024411128142282343,
        0.0075426955130724034,
        0.025292554106646124,
        0.015877094644425337,
        0.012529994315822425,
        0.011515502781085915,
        0.0001156299407427418,
        0.020480385082862675,
        0.02356855183015337,
        0.008597268930552794,
        0.013204896030450565,
        2.8167628954796314e-07,
        0.0031789180505958814,
        0.020240523231359497,
        0.021091380246098,
        0.018476801743302754,
        0.01851323186789918,
        0.01461902432110699,
        0.026071865142916224,
        0.021819916242821497,
        0.011907493117364996,
        0.014538068888541643,
        6.552379402628995e-11,
        0.0034396221429721673,
        0.021291612095241563,
        0.004716327801446102,
        0.005728850136841875,
        0.05413798424860741,
        0.11493212159558476,
        0.010667657243405834,
        0.019716508382504164,
        0.019512477798242382,
        0.03399854869461228,
        0.002757808633500105,
        1.002450259207843e-10,
        0.007639189827395512,
        0.008620732964245245,
        0.0008118381055018624,
        0.006587880582031358,
        0.008703839358400607,
        0.02356855183015337,
        0.006914558401465267,
        0.02457431984379088,
        7.793536374511231e-10,
        0.02477519197652246,
        0.02196577429212403,
        0.060582952745052994,
        0.0058329568923590315,
        0.0279799774149408,
        0.02032674401171209,
        2.9747594204198307e-10
    ],
    [
        0.0011619343385026063,
        0.029832181615445402,
        0.007864171288176153,
        0.002029386746386742,
        0.00021362790079001108,
        0.008122358494638203,
        0.012017751663012806,
        0.006826226246212029,
        0.022447864271711415,
        0.01296593041203025,
        0.015510446009336298,
        0.027546241752942673,
        0.013544776972831782,
        0.017667501079710546,
        0.009413165389809606,
        0.04288648605795617,
        0.01694743771019899,
        0.0190537943755536,
        0.01208789480025214,
        0.009070357245705181,
        0.0400898879513386,
        5.467963886051546e-10,
        0.020079007578054107,
        0.017338669752788725,
        0.01564350671458647,
        0.018286856135238408,
        0.009583976396259741,
        0.023009197419107556,
        0.01152151524741385,
        0.0091711358834403,
        0.015878471727706248,
        0.013224244455517897,
        0.005376135723035999,
        0.01548675370003535,
        0.019359572569098583,
        0.016700211620175806,
        0.0462958318865963,
        0.11367878953596201,
        0.005376112643519136,
        0.017626380783895435,
        0.017740610208145255,
        0.029289189006285774,
        8.881281747673289e-10,
        2.8111423738048045e-10,
        0.0022239020919374475,
        0.00224960695891687,
        0.0015422704152709213,
        0.014518484797057012,
        0.006680932224013117,
        0.0190537943755536,
        0.022430246060278092,
        0.01991039203181261,
        3.4684610963888126e-10,
        0.02089389237456387,
        0.015907054824600274,
        0.056218648404415185,
        0.0007889789342925255,
        0.023655406702437185,
        0.0259607961925216,
        2.4008172852717293e-10
    ],
    [
        4.904527239500754e-13,
        2.3609610908684307e-13,
        1.906264724366006e-13,
        3.4855787844019657e-13,
        3.72829099397536e-13,
        1.992614272529893e-13,
        4.050966262672831e-13,
        2.62182799003104e-13,
        2.5606125796183734e-13,
        4.946549739671818e-13,
        3.1510248843324175e-13,
        2.512430529921852e-13,
        7.226451535700168e-13,
        2.612403329821908e-12,
        7.491808552309931e-13,
        0.0021046015396364998,
        8.128641135811266e-13,
        0.17023169774938338,
        0.13349726807578147,
        2.8539059273411916e-13,
        1.9838904286830302e-13,
        1.8220653564605963e-13,
        3.5157830196481606e-13,
        6.542015841302797e-13,
        3.112575468510364e-13,
        8.352102569229136e-13,
        3.771073547441946e-13,
        2.7152645498291024e-13,
        2.573382363431464e-13,
        3.02004547097087e-13,
        5.964380014349919e-13,
        1.972182128271262e-12,
        3.937528975712354e-13,
        2.6016659461376543e-13,
        7.123745483821938e-12,
        0.6941664325664235,
        2.505678242404129e-13,
        4.793896667261769e-13,
        1.5349969020827487e-13,
        6.35019069017107e-13,
        2.8724308397947424e-13,
        7.438863039227781e-13,
        1.720722089512432e-13,
        2.8001115189596803e-13,
        2.1760308074002277e-13,
        3.67058371742007e-13,
        7.984753142681161e-13,
        1.9529250725377847e-13,
        2.159284233519446e-13,
        2.1796489047851513e-13,
        2.4240645758654413e-13,
        6.333242735513091e-13,
        1.243837969360025e-12,
        4.240075274963398e-13,
        3.4790619021591607e-13,
        3.951109559463247e-13,
        7.219488946442538e-13,
        5.05694012936928e-13,
        7.774762364359234e-13,
        1.9776821074121864e-13
    ],
    [
        8.359233904465891e-10,
        5.047667503177185e-10,
        7.309624180882947e-11,
        2.406526605181167e-10,
        1.062051764858893e-09,
        1.673245097324063e-10,
        7.655288208948775e-10,
        1.463633450276876e-10,
        6.129076967330982e-09,
        9.519089980188035e-10,
        2.0953857237964438e-10,
        1.6777408956840407e-10,
        8.579776103943243e-10,
        1.4114571220911987e-10,
        1.884690537631537e-10,
        1.3480939501566744e-10,
        4.1204021582109513e-10,
        0.1419704807778226,
        0.11064913774100664,
        9.944130487694446e-10,
        0.009626123355090267,
        1.2124035689190448e-10,
        9.075441672354556e-10,
        9.475405037744268e-10,
        1.051394213117767e-09,
        7.882311067115346e-10,
        4.96394452095014e-10,
        2.410147527516966e-10,
        3.327177088619147e-10,
        1.9729817682475818e-10,
        9.48500140313131e-10,
        0.05682545415597357,
        2.955335013561627e-10,
        4.644112690016291e-10,
        0.0056798420099849894,
        0.6321219595546008,
        4.204397836397482e-09,
        0.04311215394101971,
        6.152563126838113e-11,
        8.981400166431418e-10,
        1.4644582508866774e-05,
        5.391290143844665e-10,
        3.612661099008046e-10,
        1.0293594075739824e-10,
        2.319494139266536e-10,
        1.6755323621342654e-10,
        1.3720089491178784e-10,
        1.8013764844621754e-10,
        3.944013055882226e-10,
        7.966797494234395e-10,
        1.454120996847339e-10,
        8.46056690704116e-09,
        1.1992293513977068e-10,
        5.59651129023909e-10,
        4.994727580426439e-10,
        9.009237105877232e-10,
        9.136131932815721e-10,
        1.6307975930617795e-07,
        1.8008160624208526e-10,
        1.7234853612358827e-10
    ],
    [
        0.004804915995902035,
        1.1863497839993623e-11,
        5.039782395951743e-12,
        1.2378123979932592e-06,
        5.232444911199949e-12,
        6.92341388073322e-12,
        5.550752408763085e-12,
        5.1964007337601775e-12,
        5.530635538142933e-12,
        8.763270510802812e-12,
        5.536612500434836e-12,
        4.838439518719761e-12,
        5.207339457007197e-12,
        5.9937618354196544e-12,
        1.3495576597444523e-11,
        4.02758362729767e-12,
        4.864587786960002e-12,
        3.877269444103336e-11,
        0.03477506390616406,
        1.0645456034121573e-11,
        2.2344847854003973e-11,
        5.948390498667321e-12,
        5.797974293672842e-12,
        6.8605210517713585e-12,
        6.117705155414464e-12,
        5.881111453576884e-12,
        5.6701786705951635e-12,
        5.699369625677475e-12,
        1.903891061566485e-11,
        4.794798575790339e-12,
        6.210564234646949e-12,
        5.2151490227790365e-12,
        5.362481478072953e-12,
        1.8755017355642315e-11,
        4.449357952954057e-12,
        0.4555826987908295,
        8.636987187262255e-12,
        0.10653845765344712,
        0.09750163871215503,
        4.979232117636247e-12,
        5.250516791892953e-12,
        5.7935459778334056e-12,
        7.113075190307904e-12,
        0.210761494066714,
        1.1875403296071761e-11,
        5.130607166403032e-12,
        5.7451053982847405e-12,
        7.555503612938796e-12,
        6.419457420423178e-12,
        5.2549942938850266e-12,
        4.9917880931337226e-12,
        6.089973178364868e-12,
        0.039494077225100926,
        7.68613495435078e-12,
        4.944694713194049e-12,
        5.948354258961588e-12,
        5.853634532953611e-12,
        6.894749856642414e-12,
        5.0358788810067274e-12,
        0.050540415438098237
    ],
    [
        0.00023851289923528673,
        0.013194162558515916,
        1.548529902726255e-11,
        8.013384524061989e-11,
        0.003085335460390639,
        9.009976312723526e-11,
        0.00556022445173983,
        8.282595995482692e-11,
        0.001095669249128422,
        2.7405813228925044e-10,
        0.003022164140470896,
        0.003860063272454776,
        0.004928989126025956,
        0.00914808991286625,
        0.0017616121212837342,
        3.400137456329023e-11,
        2.5081420296629835e-10,
        1.0877078528790225e-11,
        0.025584796216909348,
        6.821304101868175e-11,
        4.893970948207589e-11,
        6.1810551197373e-11,
        0.008215531031510242,
        0.00882714611853164,
        3.080590875473285e-10,
        0.010632359542173888,
        0.0009402050196724317,
        0.005324753814552289,
        3.468609379014894e-11,
        3.808118221432986e-11,
        0.013266017831265764,
        5.3604063764128e-11,
        0.0024308811605084453,
        9.741021776373589e-11,
        0.00017820364859976283,
        0.415511617643218,
        0.003456239465547454,
        0.06798907008445895,
        0.08096467724887403,
        0.008933915949404837,
        0.00854340001150021,
        0.0026711137992553374,
        1.9060425506989798e-10,
        0.18244005333558186,
        0.0006518332930636375,
        4.3990325744446e-06,
        0.0061942138016250915,
        0.00042341259845102367,
        1.6794441241258286e-08,
        0.014380077254451075,
        7.489646369866958e-11,
        0.0011766458735743043,
        0.0172157377670525,
        0.0053796671158954975,
        1.6259809574218905e-10,
        0.007766593863683943,
        0.006908910182127824,
        0.005071002059693027,
        0.00997978801453881,
        0.03304289526618646
    ],
    [
        7.793379790457756e-07,
        0.017248208351777296,
        5.4373238576474076e-11,
        3.1721837334311076e-11,
        0.012529715115390505,
        4.0176913550983615e-11,
        1.1528893734692059e-07,
        8.361008445510056e-11,
        5.048040905286795e-10,
        9.163751733258539e-09,
        0.0023312731637352545,
        7.413067226900983e-11,
        0.017558998042144232,
        0.01867438596550686,
        0.007119380625652288,
        3.063706733242512e-11,
        0.008723554770345686,
        6.841880979549631e-11,
        0.013950781172681486,
        0.002632070391737207,
        1.3983552195634104e-11,
        8.168736217371685e-12,
        0.0024258776271908495,
        0.02517445946322015,
        0.0036105118068411545,
        0.027751934278693012,
        0.00626585306302082,
        0.015669035187202963,
        1.0577484344132338e-10,
        2.0629896681698392e-10,
        0.024526456132548426,
        2.1340998380786215e-11,
        4.967009678586238e-11,
        1.0578270256682681e-10,
        0.0073660736370750384,
        0.384107996207171,
        3.737943176233349e-10,
        0.015037355215269551,
        0.05629595286822874,
        0.019394713401153424,
        0.010779018681779181,
        0.02190610389984175,
        7.73496662216209e-11,
        0.13489419542356407,
        0.017951255792735217,
        0.004803326919686355,
        0.005697067233451756,
        6.12768812046308e-11,
        3.4264902572188983e-10,
        0.02671337302719529,
        4.273766151645999e-11,
        0.012747186509240057,
        2.906505671617995e-11,
        0.013959275371102958,
        1.4546804381708222e-06,
        0.011767013769291233,
        0.01887094537132579,
        0.014808473340543924,
        0.016705817323479595,
        5.622863068070855e-11
    ],
    [
        0.004641455825430021,
        0.021610828644127365,
        2.245224854395226e-10,
        5.454045168529827e-10,
        0.01057091346787249,
        4.6201627050630314e-10,
        0.002853216999125903,
        5.155505565332471e-10,
        0.0045361290929368595,
        1.4159646657984792e-08,
        0.00693395185324256,
        0.0038262662180996022,
        0.02427926695440551,
        0.017875722853510967,
        0.009898598826179505,
        2.9877564105334745e-10,
        0.0050563904743400985,
        4.364650053059065e-10,
        0.01108294942543837,
        0.003373099531913958,
        3.697142583402532e-10,
        3.438370092337119e-10,
        0.003894124963087076,
        0.029323514479199623,
        0.003072246152208117,
        0.030269442259532986,
        0.009961756377361623,
        0.022039765233928664,
        5.8436974019886245e-09,
        0.0003516532410314918,
        0.028259663914461122,
        0.012480784163004457,
        5.923153107331323e-10,
        0.000808633010042455,
        0.010752560391570387,
        0.35302580202630274,
        6.574419065863508e-10,
        1.0648920730906275e-08,
        0.012476378910551917,
        0.02809693434897058,
        0.011612003707243664,
        0.028504776416063367,
        0.00408710771146921,
        0.10833723677707528,
        0.021011330260485576,
        0.009557280631743449,
        0.012215020937656102,
        0.002317286311400868,
        0.004977709411965652,
        0.011056535899195212,
        0.004324544659475461,
        0.012836371070907501,
        3.507997829888006e-10,
        0.023223177449229974,
        0.005853572969053158,
        0.011452432556779038,
        0.02389590784120618,
        0.015950546994982582,
        0.017435072791231906,
        5.151854992452457e-10
    ],
    [
        0.0006589413741016326,
        0.02570929348495887,
        3.5991657524360973e-10,
        5.418633739421878e-10,
        0.01236367672177715,
        6.573458547119653e-10,
        0.0018925048538467057,
        1.1256635848567757e-08,
        0.007655695649675391,
        1.2124446454407594e-09,
        0.005817045926821116,
        0.0009305065770270079,
        0.02048700946960662,
        0.02013352803143697,
        0.004964434594407505,
        4.884987909291702e-10,
        0.0015341059011578586,
        0.015341757748589925,
        0.011236677254154524,
        1.2129907693228219e-09,
        1.0480047407961225e-10,
        3.863077183300968e-10,
        0.003065414538654165,
        0.02390173836046989,
        1.9371042551594997e-09,
        0.027862911032910387,
        0.006800065583851981,
        0.01743609129384534,
        9.014900866302153e-10,
        0.004288972090402994,
        0.03402071707827034,
        0.009106357289187768,
        0.0014724526845601377,
        4.253355463256943e-10,
        0.005220978264142985,
        0.3140057203759694,
        4.10717926952861e-10,
        1.6380404975658337e-05,
        0.08440506140698417,
        0.02510285646941241,
        0.010632457022490273,
        0.02528478954858669,
        7.381143332956029e-10,
        0.10121412076000154,
        0.018395598755604294,
        0.0086284332686047,
        0.013971011637103818,
        0.005150636650325982,
        0.0018943123533156807,
        0.0019021498663219715,
        0.0027817982886177667,
        0.01723683448939112,
        0.011465955911545192,
        0.02101975652316745,
        0.007417251220162457,
        0.01174648861969788,
        0.02314135833094303,
        0.014893967034573604,
        0.017792163959402956,
        6.639632316327633e-10
    ],
    [
        0.004984250439241753,
        0.015918332911940176,
        2.2287603614047214e-08,
        0.006227449867634159,
        0.014655630695012242,
        0.0013547758639704047,
        0.003579356326858708,
        0.0004463187089016535,
        0.010686620573099274,
        0.0015901722824069654,
        0.00988588340455064,
        0.011722205195812246,
        0.01827367185138367,
        0.02232398792488475,
        0.003589510714745904,
        7.285981887059799e-05,
        0.0006256778503243894,
        0.00301097340452357,
        0.013881881177279322,
        0.007462310559697324,
        5.28509374705886e-10,
        5.704907721894643e-09,
        0.004690153567480556,
        0.025642973800491617,
        0.006062146969671096,
        0.026513201957221358,
        0.011283877028890473,
        0.01860964552478099,
        0.0029918701446389174,
        0.003219885952990304,
        0.03548778158327733,
        0.0004962686355791358,
        0.0038710978425125333,
        0.0051818926461828976,
        0.008543774374198738,
        0.28286169764145336,
        0.0050546161225246,
        0.0037598557865690992,
        0.07267632310181235,
        0.028904241546405193,
        0.012172713367721053,
        0.026341219514064977,
        0.002718876571017214,
        0.06538374438283102,
        0.017444017395852354,
        0.012765444112836404,
        0.021512023644967296,
        0.008164212878062448,
        0.004571437888768924,
        1.7283616577575846e-10,
        0.0061517527532894,
        0.019209746965094126,
        6.767542387495294e-10,
        0.020737073487144177,
        0.010198325249013256,
        0.013205203459820425,
        0.022961937595904505,
        0.014912574891296635,
        0.021295933340740668,
        0.004110559333249641
    ]
]