[
    [
        0.020089467229826626,
        0.02048027069174104,
        0.011317689883914496,
        0.019576632865734498,
        0.017229991172905197,
        0.01967232037709729,
        0.013115245706776007,
        0.014251105956634104,
        0.018026286755766965,
        0.0196336021157046,
        0.013240893018724876,
        0.01584212658757685,
        0.01890498708775385,
        0.017785035793729507,
        0.015195978383630179,
        0.006048552785928873,
        0.020574848795396457,
        0.023201831831388457,
        0.021606206369090625,
        0.020342500251461632,
        0.012141178175081948,
        0.013067016544939532,
        0.019536293623105983,
        0.01974136068618801,
        0.022317091264907794,
        0.021336890617903146,
        0.020945723362717487,
        0.016196518626743688,
        0.019017944763497795,
        0.01805683196483752,
        0.0165839558605178,
        0.008435957799123268,
        0.014473845237329619,
        0.022656840868254577,
        0.014911881018420876,
        0.011649176466123247,
        0.016221071241442557,
        0.015836983627430464,
        0.0003571283247919801,
        0.019881702881879716,
        0.02551838234918638,
        0.019139188608592504,
        0.011051166493880426,
        0.006572213629586541,
        0.015784829881225777,
        0.01719944049959987,
        0.010172676142504597,
        0.01565698142599027,
        0.01625616842690301,
        0.023201831831388457,
        0.015010457949604617,
        0.02346173037185243,
        0.011361353458191023,
        0.02234796203741958,
        0.02017346855015468,
        0.02143475017466489,
        0.01583606440540681,
        0.020644864952410493,
        0.016356507246694088,
        0.0033189949487163525
    ],
    [
        0.006277076342899485,
        0.033198333536962804,
        0.03236658711824747,
        0.01318258111064428,
        0.005990555831814667,
        0.01443267823534712,
        0.00910704410060108,
        0.0071121350552149016,
        0.02408314504499817,
        0.024745170018631014,
        0.005169115057277983,
        0.022357002076679674,
        0.014997457359615834,
        0.010565267122483225,
        0.010043065866689408,
        1.292968478078888e-10,
        0.018907585440058813,
        0.021471921164842454,
        0.009271730573475323,
        0.011854011294037991,
        1.1039801773555517e-10,
        1.369815252511409e-10,
        0.02008336820218534,
        0.01900801827932406,
        0.018474544325358444,
        0.016184220293744014,
        0.014321528527614539,
        0.02443812093058556,
        0.032241442057884116,
        0.013011936822186428,
        0.014627641827192808,
        0.00300466721557554,
        0.0030988055071888092,
        0.024368184377444688,
        0.00522549222134089,
        3.9929782565190175e-10,
        0.058434116115175606,
        0.13432404814395027,
        1.3913814772093536e-10,
        0.01761501886964584,
        0.018867624600381425,
        0.03219078310067243,
        8.543413765826905e-06,
        1.0775396058147282e-10,
        0.006071897591914663,
        0.007463068632744959,
        3.3959016727680236e-10,
        0.004876163405545859,
        0.007554706961372089,
        0.021471921164842454,
        0.007176655704110317,
        0.022392153550731007,
        3.6345141423281254e-10,
        0.02483500454423387,
        0.023333705662706886,
        0.0593319517054144,
        0.006808094749446801,
        0.026038235782176896,
        0.017985871530042604,
        1.0768137921122385e-10
    ],
    [
        0.007571655902135476,
        0.03281879412451724,
        0.018170672788439424,
        0.00827549985968244,
        0.0033843091649586182,
        0.016192980070384676,
        0.01027097219845452,
        0.005515235159259771,
        0.025855435692260825,
        0.024382873774208037,
        0.007934085164795594,
        0.02501628648499375,
        0.016126650613056518,
        0.012847833706620055,
        0.011714702884993954,
        4.5784732781194265e-05,
        0.02061496484046579,
        0.023852732694178508,
        0.009091486762678905,
        0.013606523142300639,
        5.71173392147016e-07,
        0.0031689436136338976,
        0.020326719721014005,
        0.021199611552880134,
        0.01875218525659478,
        0.018875707435576303,
        0.014975893906155533,
        0.02573633823709758,
        0.021447531892814134,
        0.012194760239389453,
        0.014771520116847065,
        1.2571075331844555e-10,
        0.003927748022317462,
        0.02134541631704452,
        0.005044969170479788,
        0.005416783237731193,
        0.05246357122067383,
        0.11027985425240047,
        0.010448511046347801,
        0.019899311382356538,
        0.01981892151597971,
        0.03349333195143503,
        0.0026802492616004986,
        1.8371609251335998e-10,
        0.008036501285661662,
        0.00913983663784998,
        0.0008283706957701952,
        0.007030104710544309,
        0.009076674756107706,
        0.023852732694178508,
        0.007306455853480142,
        0.02478180630460464,
        1.3309168076059621e-09,
        0.02508610600550226,
        0.02202139858190625,
        0.05885186494386118,
        0.006327447654078515,
        0.02784895416864068,
        0.020253813231249855,
        5.516022004990489e-10
    ],
    [
        0.0021603701853157653,
        0.029677224080649198,
        0.008163167835401096,
        0.0028272031296001114,
        0.0007451719123166366,
        0.009035865332804264,
        0.01205415799458008,
        0.0070666804869536776,
        0.02243665618244388,
        0.01345990419885368,
        0.015457268045617993,
        0.0271799294043797,
        0.013928813680413307,
        0.017718928910551632,
        0.009776411760421887,
        0.04028322758224762,
        0.017296858355613055,
        0.01967047520301458,
        0.012445060327228296,
        0.009694295254065422,
        0.03781374571084679,
        1.1831095913443049e-12,
        0.020174565272529674,
        0.017690748705852164,
        0.016143806270961073,
        0.018701775599714313,
        0.010254102068894206,
        0.02280663291044383,
        0.011668950404375204,
        0.009601389925621902,
        0.016021724747275843,
        0.012498550296042694,
        0.005773312000567339,
        0.015861612517028768,
        0.018886607554459943,
        0.015719877417549988,
        0.04510155006301663,
        0.10894437989838107,
        0.005328188715445478,
        0.01792914138095859,
        0.01818389303123623,
        0.029078355463242875,
        1.6593791217990857e-11,
        3.681318454489321e-13,
        0.0028309568104302645,
        0.0031245185303968898,
        0.0015595930733750003,
        0.014491575351690112,
        0.007124054403853428,
        0.01967047520301458,
        0.021984981113997094,
        0.020440527015277363,
        4.67797931709603e-13,
        0.021470391395841063,
        0.016332583126291097,
        0.054731240576818614,
        0.0015521717141837674,
        0.023790742338047625,
        0.025635609509546492,
        3.070902967434821e-13
    ],
    [
        3.042751815579655e-11,
        2.081996013828517e-11,
        1.8545235343527203e-11,
        2.5638725005117775e-11,
        2.638168614042194e-11,
        1.870570594888582e-11,
        2.7288476183544068e-11,
        2.1489335640624632e-11,
        2.08678088591824e-11,
        3.029297664011326e-11,
        2.3812823759941712e-11,
        2.095479164061175e-11,
        4.243033267769882e-11,
        8.005924867833606e-11,
        4.3819734916461414e-11,
        0.031241184254204288,
        4.7293126091737465e-11,
        0.17825033078930524,
        0.14707029469139524,
        2.2631329880747858e-11,
        1.847070272575144e-11,
        1.668362217185016e-11,
        2.526198663758314e-11,
        3.87553688759376e-11,
        2.3649792306395993e-11,
        4.848051684017233e-11,
        2.6257291818254854e-11,
        2.179572887809337e-11,
        2.0957189282156652e-11,
        2.3617609642060998e-11,
        3.5551253089734726e-11,
        7.030118621857009e-11,
        2.689596285324981e-11,
        2.1585025450444573e-11,
        1.6599649061637792e-10,
        0.6434381884487307,
        2.0905585363424545e-11,
        2.8804489796760364e-11,
        1.6407892347377587e-11,
        3.769441381175086e-11,
        2.2391967889672244e-11,
        4.354729649283912e-11,
        1.7238550126958055e-11,
        2.295294899291015e-11,
        1.9580188603125364e-11,
        2.5976245553753496e-11,
        4.6387282636183597e-11,
        1.8520577935578917e-11,
        1.9579436236911823e-11,
        3.5187203951250684e-11,
        2.0664564707506387e-11,
        3.763610297870076e-11,
        6.105402416535187e-11,
        2.7847258749711448e-11,
        2.5179946744854624e-11,
        2.61857478870248e-11,
        4.2413930071680705e-11,
        3.052250365387137e-11,
        4.5281360656641465e-11,
        1.8714203041253587e-11
    ],
    [
        8.796008546733942e-09,
        6.099338658282573e-09,
        1.1574851307808673e-09,
        2.983215198236121e-09,
        2.132815127228936e-08,
        2.0975690859832317e-09,
        9.604188740112056e-09,
        1.9842710242067774e-09,
        0.0009930548008998056,
        1.2206785462644789e-08,
        2.6617803218350655e-09,
        2.15214087122874e-09,
        1.54347762308452e-08,
        1.912339602968847e-09,
        2.3769872831788617e-09,
        0.010888426826707204,
        5.169199576712841e-09,
        0.15279997099150386,
        0.13016187329257375,
        5.128841747709846e-08,
        0.007181986225352624,
        1.6329808884424678e-09,
        2.261964751227736e-08,
        5.4977661617316956e-08,
        1.411478039013582e-07,
        1.7482374919272586e-08,
        6.860936333829404e-09,
        2.835516660633368e-09,
        3.718130317679386e-09,
        2.5330079962798717e-09,
        4.143339006360667e-08,
        0.05180776182682602,
        3.475908704712843e-09,
        5.419400258175111e-09,
        0.007624401959412894,
        0.5911746661827039,
        2.8751621922245536e-06,
        0.038847459235472566,
        9.934474919531135e-10,
        4.3929092919409536e-08,
        0.004232966434168872,
        7.433638490825694e-09,
        4.211234962975881e-09,
        1.47739274228015e-09,
        2.797756790346131e-09,
        2.3288757326537945e-09,
        1.8324124159629116e-09,
        2.3170222520139e-09,
        4.507191487098929e-09,
        1.6752526377956546e-08,
        1.930674922172418e-09,
        0.0011969184949028764,
        1.6358001074179571e-09,
        7.67459005334484e-09,
        6.937944589933574e-09,
        3.427001118565499e-08,
        1.9132234318238167e-08,
        0.0030870225879053395,
        2.311370746024381e-09,
        2.1165540799065374e-09
    ],
    [
        0.009245327092513266,
        1.1539486423098263e-10,
        2.517380841691812e-11,
        0.0038417216377714916,
        2.6045835562442255e-11,
        3.4711493214799927e-11,
        2.7711668163077104e-11,
        2.5915265945409592e-11,
        2.7875520475263035e-11,
        4.377307873055764e-11,
        2.762761859149347e-11,
        2.4106569580932102e-11,
        2.6015682716173368e-11,
        2.984882293196802e-11,
        6.91923263949739e-11,
        2.1444719720525278e-11,
        2.4260028242882813e-11,
        0.009091157441476153,
        0.06454384392557044,
        5.35862466000273e-11,
        1.2032867897162706e-10,
        2.9627027019856924e-11,
        2.9014377146528042e-11,
        3.422972794981056e-11,
        3.049059126913008e-11,
        2.937683875491625e-11,
        2.8282622790205755e-11,
        2.8449923247692666e-11,
        1.0530950843221382e-10,
        2.3913396583531707e-11,
        3.0987579391246626e-11,
        2.5588985559257518e-11,
        2.6761398282391224e-11,
        1.0889306144342788e-10,
        2.2539863389703455e-11,
        0.43368005335287646,
        4.293859829605403e-11,
        0.10074691546723653,
        0.09229946812852077,
        2.4854418131740036e-11,
        2.7091062027800263e-11,
        2.8931200403241658e-11,
        3.5445314881479476e-11,
        0.1961808058010831,
        5.995159515774212e-11,
        2.563668177397697e-11,
        2.8629443602414276e-11,
        3.7517227033932027e-11,
        3.199735307679651e-11,
        2.6505172916080862e-11,
        2.4873532133332374e-11,
        3.0758886166255214e-11,
        0.040779697641939304,
        3.8641737265851606e-11,
        2.4685544786962533e-11,
        2.971228744905331e-11,
        2.926062458773992e-11,
        3.552502111735579e-11,
        2.5114300229588504e-11,
        0.04959100762647864
    ],
    [
        0.0044714788792400905,
        0.01334937628730001,
        4.06957318846538e-13,
        5.9253960213866084e-12,
        0.003680827604827556,
        2.5802077928836997e-12,
        0.0056513140821848745,
        2.446677876799632e-12,
        0.0014271297431468024,
        6.8043027436376886e-12,
        0.0036287676617946124,
        0.0039805677363391806,
        0.005186580820570299,
        0.00947778757533526,
        0.002080945701237256,
        9.153960036627784e-13,
        1.1015832927153061e-11,
        3.66443284261941e-13,
        0.05368500224485185,
        1.8514810313618302e-12,
        1.2714783628507581e-12,
        1.6835726505436826e-12,
        0.008048691043057825,
        0.009073715822416404,
        5.188363350552969e-11,
        0.010915819050273685,
        0.0012001551895734906,
        0.005591828066194995,
        9.077708841013063e-13,
        1.0272030742577305e-12,
        0.013255236430390848,
        1.5085060336858477e-12,
        0.0026917945066453762,
        2.544758289944557e-12,
        0.001011959811732563,
        0.3957045403091046,
        0.0034044966927430924,
        0.06375923015382295,
        0.07748761231871236,
        0.009228357126274678,
        0.008787123320855387,
        0.0031364625241377645,
        5.3516480796850955e-12,
        0.16908356437261432,
        0.0008889798897902024,
        0.00023572350722008827,
        0.006201036601921355,
        0.0009626513972994107,
        1.5823984554997128e-08,
        0.014107651093789987,
        2.1631871625851917e-12,
        0.0015475708886206116,
        0.017731618133824435,
        0.005735754496677137,
        4.304164248883812e-12,
        0.008431693976258942,
        0.00678858434832251,
        0.005184594217632691,
        0.010373737416483156,
        0.03281002303267613
    ],
    [
        0.003125599349278881,
        0.017303067245596628,
        1.214764638196887e-10,
        6.884650132660794e-11,
        0.012848247604825898,
        8.890983145649938e-11,
        2.3970923096777617e-06,
        1.895799088699825e-10,
        7.320096424694116e-10,
        1.2138592003768414e-08,
        0.0030036169536577263,
        1.71174328401744e-10,
        0.017458555805125675,
        0.01908363738957476,
        0.007619421249793534,
        6.742153537734149e-11,
        0.008651935989338697,
        1.5669905770805554e-10,
        0.040711563782074536,
        0.0027115227535673293,
        3.050673299553568e-11,
        1.781459887152224e-11,
        0.002777408686738514,
        0.02495600356026352,
        0.0036508791400560268,
        0.027761843363905348,
        0.006365502722844919,
        0.0156542764119701,
        2.4046258660510433e-10,
        4.250879413070841e-10,
        0.02408335372843724,
        4.6709028126484395e-11,
        1.1238204822740969e-10,
        2.3240165754884621e-10,
        0.007798702989753447,
        0.36578471739589175,
        6.439077659847664e-10,
        0.012574667259374846,
        0.0541525003852289,
        0.019385228498995204,
        0.010959565313836465,
        0.02186234819513548,
        1.6695852145370715e-10,
        0.12430606745620026,
        0.017881969638305347,
        0.004743262724732385,
        0.0062577550018584165,
        1.4096179525177432e-10,
        6.115896707170661e-10,
        0.0264796687327427,
        9.278746257299775e-11,
        0.01303565418194342,
        6.530236298790398e-11,
        0.014119426599182049,
        2.266095953814322e-06,
        0.012329872591496652,
        0.018761988764852605,
        0.014781160320789218,
        0.01701432833541142,
        1.3059184137119883e-10
    ],
    [
        0.007220969705771435,
        0.02159275726692333,
        3.75564278560115e-12,
        9.182297259919105e-12,
        0.010949062729416006,
        7.827748971041688e-12,
        0.0027151961695876,
        8.248603820756512e-12,
        0.004310055769416817,
        3.4611155679953306e-11,
        0.007429769490102995,
        0.003594126548675975,
        0.024114653723563736,
        0.018033873992503998,
        0.010364389083611047,
        4.9193253029227844e-12,
        0.005156706471013951,
        7.206610835328457e-12,
        0.0358430105439925,
        0.0034363219180910897,
        6.004832558305043e-12,
        5.610232758051603e-12,
        0.004207103654220491,
        0.029097588034313147,
        0.003200054384685728,
        0.030319500130659913,
        0.010017115901739084,
        0.0219443202703675,
        2.095488208002468e-11,
        0.00022005538404857892,
        0.02783209858850821,
        0.012147016779781881,
        9.587767290431769e-12,
        0.0007194798383415983,
        0.011179354244890912,
        0.3359262582060303,
        1.0551551827026541e-11,
        1.1854570517649811e-11,
        0.010893949844281065,
        0.02797321058806634,
        0.011900743562900364,
        0.02837451987008865,
        0.0041574425147514645,
        0.09971688190255107,
        0.020981664300081054,
        0.00942518249950888,
        0.01244759667952442,
        0.0019199658644634655,
        0.0047380717010929736,
        0.009807212093010196,
        0.0041211445109222864,
        0.013133021234757814,
        5.603952573489491e-12,
        0.023121631544274733,
        0.005907725491051579,
        0.012296507895728016,
        0.02391328024350319,
        0.015970742331159655,
        0.017628666338395275,
        8.377517679714742e-12
    ],
    [
        0.0032539639653435225,
        0.02538949285158119,
        1.2918512840737697e-10,
        1.7625304290617799e-10,
        0.012918638485249679,
        2.1354738894574542e-10,
        0.0018583337952189226,
        5.770885014481237e-08,
        0.007374574571293645,
        4.718847873760454e-10,
        0.006372927151608365,
        0.000878564049122995,
        0.020473951245064324,
        0.020309763887093518,
        0.005584000611261795,
        1.6972771540942074e-10,
        0.0017512588709997234,
        0.0149509959125314,
        0.03413166862621409,
        9.8776947341871e-10,
        3.4469194441075345e-11,
        1.3096452330438655e-10,
        0.0034461304895075525,
        0.023793685995791538,
        3.0325878522321017e-09,
        0.027936047484996118,
        0.006973176004176573,
        0.01749564653072158,
        2.9234641774373093e-10,
        0.003962543241514011,
        0.03344588558829518,
        0.008814050065541848,
        0.001564956822359521,
        1.3842968396487916e-10,
        0.005814317070728336,
        0.2987746818507175,
        1.4026961771393662e-10,
        0.00014569758578511098,
        0.08107958818230297,
        0.025108606912843355,
        0.011025206162011787,
        0.025247361757464875,
        2.6729604227272737e-10,
        0.09343551760951742,
        0.01841781256552456,
        0.008564810162968799,
        0.014229627994263189,
        0.004833586641179777,
        0.0017835937769439313,
        0.0008313438457276084,
        0.002637592870976353,
        0.017455209279614706,
        0.010821803567441586,
        0.021046424454099644,
        0.007388061954750448,
        0.01256962543102771,
        0.023100345343999035,
        0.014968773957258326,
        0.01804009068670068,
        2.0331254365998362e-10
    ],
    [
        0.007137370755276323,
        0.016151353690559124,
        4.7806319411388054e-09,
        0.0056462119278248984,
        0.015002168512883888,
        0.0013218127274966444,
        0.0033994468692050057,
        0.0002995098418808254,
        0.010219508171544997,
        0.001600559105197592,
        0.010486209781331631,
        0.011693229382624673,
        0.018542193498014982,
        0.02235345264059725,
        0.004408022667329008,
        5.055667327649331e-05,
        0.000747687860665159,
        0.003246097074072131,
        0.03406577495357951,
        0.00708691379065051,
        7.032383053894366e-10,
        4.5410224343850804e-09,
        0.004901838645931251,
        0.02559225254874899,
        0.005861789574915981,
        0.02671015631009164,
        0.011313396808882154,
        0.018853066286377305,
        0.0026757956782494634,
        0.0028063640725059145,
        0.034987762380513404,
        0.00038875216990754297,
        0.0038022251928970076,
        0.004846822705546166,
        0.009330788562375097,
        0.2693448025509666,
        0.004810544190540348,
        0.003650057227491776,
        0.06907540281193576,
        0.028831704515993196,
        0.01245224537052074,
        0.026495048643746844,
        0.002680811409597197,
        0.060215143178156225,
        0.01773088539993733,
        0.012744487768861617,
        0.021382261754517344,
        0.0075975897782610295,
        0.004536508561659374,
        2.337115907081429e-10,
        0.005689311072213721,
        0.01926300087323029,
        9.079771524149837e-10,
        0.020494471315686127,
        0.009976274830500238,
        0.014050059364428536,
        0.02298342646091614,
        0.01514083280018669,
        0.021478800651331016,
        0.0038472274429586996
    ]
]