[
    [
        0.02008950926135963,
        0.02048025494561704,
        0.011317693052166686,
        0.019576638796927934,
        0.017229927008574727,
        0.01967233110017437,
        0.013115275850914442,
        0.014251103312448192,
        0.018026285309698863,
        0.019633632199001237,
        0.013240867194760308,
        0.015842136100571176,
        0.01890497502841587,
        0.017785011741788367,
        0.01519595164868912,
        0.00604853711748114,
        0.02057485149340472,
        0.02320184064377476,
        0.021606208978397417,
        0.02034253023803325,
        0.012141162907547038,
        0.013067040204957288,
        0.019536258012753046,
        0.01974136743240885,
        0.022317098645949808,
        0.021336902317568317,
        0.02094574110160057,
        0.01619654446266014,
        0.01901789831800593,
        0.01805683029874467,
        0.01658397946268612,
        0.008435962074480082,
        0.014473852449819049,
        0.022656823789043018,
        0.014911895917489718,
        0.01164913697754551,
        0.016221072505532983,
        0.015836982639700015,
        0.00035710245070031185,
        0.01988169137881558,
        0.025518393187611243,
        0.01913919204344299,
        0.01105116150801812,
        0.006572225482811456,
        0.015784825043177866,
        0.017199415155269678,
        0.010172672544313328,
        0.015656987802615156,
        0.016256162576365047,
        0.02320184064377476,
        0.015010429673432033,
        0.023461733618328037,
        0.011361345322358204,
        0.0223479623245136,
        0.020173510231205942,
        0.02143481434929842,
        0.01583604458709555,
        0.02064487532676566,
        0.016356461159638253,
        0.00331904304976192
    ],
    [
        0.006934929829582621,
        0.03272074797887839,
        0.03145536575967463,
        0.013468760403889793,
        0.0065639939322503366,
        0.01495694236597146,
        0.0093153440814174,
        0.007364082295858267,
        0.023781760920807086,
        0.024647927982592695,
        0.005594057172831671,
        0.022116561444790694,
        0.015322926316523332,
        0.011005519076908152,
        0.010387151153453202,
        1.9287994600086608e-10,
        0.019063584891528193,
        0.02176573291890941,
        0.009727548542154454,
        0.012304934334738135,
        1.6711550132116734e-10,
        2.1670347717978395e-10,
        0.020150081218575155,
        0.019173901912409586,
        0.018815088437574626,
        0.01661778732232965,
        0.014745894277720594,
        0.02415249319230875,
        0.03152669607740261,
        0.013264344193751769,
        0.014881047378813302,
        0.0029765850063742313,
        0.003629810286997565,
        0.024316910373513606,
        0.005679570750590176,
        1.0265295553996487e-09,
        0.05649777432176398,
        0.1285511941152931,
        2.1306988769038455e-10,
        0.01786321994326023,
        0.019291297548096952,
        0.03167831115715285,
        0.00043298627242631675,
        1.584532319242652e-10,
        0.006619496764557227,
        0.00804527111883862,
        6.026139367409778e-10,
        0.005379830365077599,
        0.008019872012218416,
        0.02176573291890941,
        0.007624620274608512,
        0.02262455728050453,
        1.1489474125761391e-09,
        0.0251465770198389,
        0.023305252979913232,
        0.05753567632432284,
        0.007317970739062435,
        0.02590298620152846,
        0.017969286928665812,
        1.5567500453239157e-10
    ],
    [
        0.008224381692885962,
        0.03242944298425372,
        0.017821490406836775,
        0.008744736439878697,
        0.0037126737021081734,
        0.016642464552750993,
        0.010427537778793199,
        0.0058368708793949346,
        0.02556876473352674,
        0.02434642453676504,
        0.00831547968658485,
        0.02472910533989247,
        0.016366131389190484,
        0.013159308266952765,
        0.01189903028745842,
        1.0797059420741494e-05,
        0.02074347486244716,
        0.024128205488962218,
        0.009578455121705838,
        0.01399913061068707,
        1.1124226251943495e-06,
        0.003159016135809229,
        0.02040530749220896,
        0.021298231617117927,
        0.01901673596613132,
        0.01922732533311889,
        0.01532231571099226,
        0.0253916147853322,
        0.021073703676598755,
        0.012471948415698444,
        0.01499399544118202,
        1.2735351760508938e-10,
        0.004404243619910115,
        0.02139272023450068,
        0.005361395144052265,
        0.005103288813200359,
        0.05079448461914384,
        0.1056428351985489,
        0.01022818498407444,
        0.02007343207807184,
        0.02011251029200621,
        0.03298132343950695,
        0.002985804540790613,
        1.779307455931082e-10,
        0.008420065732511837,
        0.009647568797200265,
        0.0008452224936255689,
        0.007463899723576426,
        0.00943425720968672,
        0.024128205488962218,
        0.007684335532873785,
        0.024980705724371943,
        1.2648249037065025e-09,
        0.025388318771846816,
        0.02206922552317214,
        0.05711953999694905,
        0.006809506336986698,
        0.027708940259661814,
        0.02017477051447078,
        5.426000150343831e-10
    ],
    [
        0.0031580984755378806,
        0.02952345885099594,
        0.008469722913838965,
        0.0036244603641340657,
        0.0012912061746166929,
        0.00994970661383538,
        0.012088855195300114,
        0.007301937439288258,
        0.022426822165147145,
        0.013954108300689176,
        0.015398012422400452,
        0.02680887129870334,
        0.014311132407124207,
        0.017768756072662928,
        0.010132768715866804,
        0.037699185788097084,
        0.01764869348376341,
        0.02028789596012605,
        0.01280135304734657,
        0.010317753632517362,
        0.035527545384515885,
        5.724418753928998e-10,
        0.020269709364173535,
        0.01804214302829626,
        0.016641792223223935,
        0.019113905111876373,
        0.010924213821663508,
        0.02260308238653674,
        0.011822990419504444,
        0.010028741234793867,
        0.016161000374383488,
        0.011774097941008909,
        0.0061652353920338765,
        0.016238376940312296,
        0.018403209357629655,
        0.014739513546217817,
        0.043920295047200845,
        0.10422415237865665,
        0.005284607123126822,
        0.018230838718659353,
        0.018623617988805616,
        0.02886957109328544,
        2.6906976706893477e-08,
        4.31738508944543e-11,
        0.0034333677794488367,
        0.003998521467459712,
        0.0015837007747368055,
        0.014459585173238077,
        0.007559557728946821,
        0.02028789596012605,
        0.02152803867528021,
        0.020971918210432802,
        1.2569541938630207e-10,
        0.022047476647650496,
        0.016760164589936045,
        0.05325066431950788,
        0.002312175818489382,
        0.023925862526136363,
        0.025309604451403414,
        3.103281249395162e-11
    ],
    [
        2.8514372139777685e-11,
        1.7785797485949592e-11,
        1.497005443189255e-11,
        2.2438316835862163e-11,
        2.34308009755538e-11,
        1.5354249310604573e-11,
        2.4751920228549036e-11,
        1.8192030652427424e-11,
        1.78517303479847e-11,
        2.8723286744449677e-11,
        2.071874107730202e-11,
        1.7834690846890683e-11,
        4.7897030169459925e-11,
        2.763610539501877e-10,
        4.900362068361275e-11,
        0.060391411708573726,
        5.777713008954068e-11,
        0.186264525214618,
        0.16063744706866662,
        1.9527089819878032e-11,
        1.5076160636580668e-11,
        1.3453661255493707e-11,
        2.2465500572796626e-11,
        4.149050568806199e-11,
        2.0688105408638806e-11,
        6.112114354478025e-11,
        2.3662313956480374e-11,
        1.870657868108374e-11,
        1.7935413320801938e-11,
        2.0364292553070093e-11,
        3.612691002448712e-11,
        1.646380909252393e-10,
        2.427787672543413e-11,
        1.8318398186698225e-11,
        4.138099419831694e-09,
        0.5927066099448141,
        1.7763431420285918e-11,
        2.786190525345841e-11,
        1.300545349556563e-11,
        4.028475265402606e-11,
        1.9456441821599383e-11,
        5.164180446900508e-11,
        1.3856405721368711e-11,
        1.9362457207442782e-11,
        1.6215031974177378e-11,
        2.3234949894314262e-11,
        5.4331141827271345e-11,
        1.5120827298691385e-11,
        1.6180586277615115e-11,
        3.6480822488672356e-11,
        1.7391687571768703e-11,
        3.9965173598514226e-11,
        8.512395511205038e-11,
        2.5782714915673926e-11,
        2.2411326381704203e-11,
        2.4057454093908955e-11,
        4.638503763786723e-11,
        2.936330887554995e-11,
        5.437006842643364e-11,
        1.525292127457746e-11
    ],
    [
        1.0880759836904439e-09,
        1.1654289355347903e-09,
        1.130195548318428e-10,
        3.961091991527437e-10,
        4.482619428012981e-09,
        2.452503738410204e-10,
        1.780905174587313e-09,
        2.2953419272141058e-10,
        0.0026881901930937307,
        2.121768990538374e-09,
        3.4356484939012805e-10,
        2.6459177239600866e-10,
        4.255305213298878e-09,
        2.2214997280784598e-10,
        2.8899030812910454e-10,
        0.03948877312650488,
        8.651388903161901e-10,
        0.1601176247257249,
        0.1448892285393022,
        3.341347799257193e-08,
        0.004298850190291192,
        1.721886078700092e-10,
        7.809458865018229e-09,
        7.461747085029616e-08,
        4.5420332082065047e-07,
        8.400356749191875e-09,
        1.661648815325902e-09,
        3.530519173246725e-10,
        4.507170142754973e-10,
        3.1650965308638423e-10,
        3.112056213566733e-08,
        0.049113794636080677,
        4.3845694261862006e-10,
        7.849473883186027e-10,
        0.007011287056626329,
        0.5451606988982209,
        3.481795844044714e-07,
        0.034482913419132455,
        9.625714359006765e-11,
        6.014570295244217e-08,
        0.00558891939866473,
        1.6968754406483011e-09,
        5.69916542567319e-10,
        1.6216064788366723e-10,
        3.433411871488604e-10,
        3.3054895072119627e-10,
        2.0468977750084702e-10,
        2.7825229094060947e-10,
        5.989719927681852e-10,
        7.862489693545075e-09,
        2.143179841583348e-10,
        0.0027952622401269736,
        1.764773737349e-10,
        1.7184904970881984e-09,
        1.551990107304185e-09,
        2.4689642017413025e-08,
        7.09601091317704e-09,
        0.0043633695559934195,
        2.740955582492281e-10,
        2.2518023080607206e-10
    ],
    [
        0.01271603523996944,
        2.4422240229196638e-11,
        4.372052795888116e-12,
        0.00820147774469769,
        4.648388713668306e-12,
        8.242369614638654e-12,
        5.015108903606353e-12,
        4.4624738684181036e-12,
        5.7447784298954956e-12,
        1.2244407907968006e-11,
        4.918753677977156e-12,
        3.977933518312217e-12,
        4.8091283139061064e-12,
        5.789716802854462e-12,
        2.8605785262786998e-11,
        4.996922546308318e-12,
        3.9559555058905315e-12,
        0.03015952833333541,
        0.0883708532642596,
        2.0175173058129488e-11,
        4.15841175888564e-11,
        5.835216687661712e-12,
        5.7582430707023525e-12,
        7.919491417643186e-12,
        6.071687319379085e-12,
        5.846876744887751e-12,
        5.430835399067482e-12,
        5.775109570556149e-12,
        4.325196467014839e-11,
        3.978353348629292e-12,
        6.482070608771621e-12,
        5.14555098073355e-12,
        4.718806467216579e-12,
        4.374590194096323e-11,
        3.675755431585098e-12,
        0.4050253818597354,
        1.09257761370423e-11,
        0.0947388434763055,
        0.0874970992587658,
        4.3488271121186545e-12,
        5.362083691191197e-12,
        5.5790040415028836e-12,
        8.338867854184083e-12,
        0.18352101314082753,
        2.3934847237786055e-11,
        4.577341663592039e-12,
        5.3082662720088275e-12,
        8.989169502804454e-12,
        6.707315710814373e-12,
        6.3213174967445274e-12,
        4.375632366137044e-12,
        6.808591797061568e-12,
        0.04166721417435685,
        1.0444280310969847e-11,
        4.22902666932641e-12,
        6.010631568881999e-12,
        5.717506338033147e-12,
        8.507633560750516e-12,
        4.169269697603628e-12,
        0.048102553025586046
    ],
    [
        0.008065813408757387,
        0.01363798576616166,
        3.686449746313499e-11,
        0.002494620713162773,
        0.004464243617128421,
        2.600646115965088e-10,
        0.00595552085387983,
        2.60323141958232e-10,
        0.001999926313307322,
        6.70468610532082e-10,
        0.004383120771485451,
        0.004386414873918655,
        0.005730296517050148,
        0.009980400812243917,
        0.002609672551160611,
        8.612493162790918e-11,
        1.3966409072118889e-09,
        9.351862296361036e-11,
        0.07652294543413432,
        1.8154375129231312e-10,
        1.1536952038973141e-10,
        1.617026809462252e-10,
        0.00809886642190132,
        0.009519109831977027,
        1.2789414926110839e-08,
        0.011339821462615984,
        0.001809092946931525,
        0.006137821543832783,
        8.247639647554891e-11,
        9.612023207552979e-11,
        0.013409940240192052,
        1.4967735316442136e-10,
        0.003150416373886291,
        2.4026002107629907e-10,
        0.002216813178130122,
        0.3699987975164301,
        0.0036152564251737064,
        0.05972520502915912,
        0.07435334350122755,
        0.009689664593143101,
        0.009225389807940196,
        0.003815424202085752,
        6.127020419821215e-10,
        0.15777932797025876,
        0.0013927041766384123,
        0.0008421175135158977,
        0.006451345412602248,
        0.001710891132600454,
        1.5764797924904136e-05,
        0.013828298357938848,
        2.2532081421547434e-10,
        0.0021522649895319057,
        0.018234112923773423,
        0.006263683497518135,
        4.2418226440139755e-10,
        0.009244016809347371,
        0.0069281837366723924,
        0.005547225300223827,
        0.010953801258459824,
        0.03232031952544243
    ],
    [
        0.006553417848814717,
        0.01758226856238608,
        3.3665619134619285e-11,
        2.0499010956130836e-11,
        0.013465586175909454,
        2.4148810738859256e-11,
        0.0002109555262797634,
        5.3231661333888775e-11,
        2.5577757292747573e-10,
        1.1524175320592144e-09,
        0.0038977933966888017,
        5.1240620343571967e-11,
        0.017722047636220692,
        0.019745412489747798,
        0.008383215065869008,
        1.8247898251515775e-11,
        0.008644461073589545,
        4.3915987895835174e-11,
        0.06268436735444118,
        0.0029273260891156555,
        8.150765260404916e-12,
        4.749065578808215e-12,
        0.003422321280393094,
        0.024991595280685626,
        0.0037892009497662305,
        0.027972021909625753,
        0.006919609972226836,
        0.015964056013459273,
        6.7545063043476e-11,
        1.1313920069511287e-10,
        0.023860995218895214,
        1.2506213420546868e-11,
        3.180822150286904e-11,
        6.394712383478276e-11,
        0.008715959766250175,
        0.3420329358017996,
        2.005961766565117e-10,
        0.010493321310140835,
        0.05248148558603312,
        0.01964456462533158,
        0.011492471372422777,
        0.022054651628456663,
        4.448393247896762e-11,
        0.11557981281887021,
        0.01803137769658883,
        0.00487594703598145,
        0.007066066922073512,
        4.137747131241775e-11,
        1.642590593694462e-10,
        0.025919046453352863,
        2.483895457849414e-11,
        0.013608993674565615,
        1.8121889375404463e-11,
        0.01452931128894182,
        5.87703664921701e-07,
        0.013136161570700388,
        0.018916561127713456,
        0.015096512836350412,
        0.017587576450148204,
        3.673389468780303e-11
    ],
    [
        0.010192923997955343,
        0.021748684220874347,
        1.858181124009234e-10,
        4.722278351057492e-10,
        0.01164619274411015,
        3.9437550787847006e-10,
        0.0027865124192404576,
        4.0550265708365306e-10,
        0.004208994377904436,
        4.104129587675721e-09,
        0.008102523655754182,
        0.0034454760506912032,
        0.024260984894752872,
        0.0184792993658547,
        0.011083018586178061,
        2.454723649110922e-10,
        0.005336294322469694,
        3.544470319855182e-10,
        0.05630588710932138,
        0.003635806353649928,
        2.9046766025849973e-10,
        2.7388108136144927e-10,
        0.004770726079683911,
        0.029087479013151236,
        0.0034388591178585804,
        0.030516814544198387,
        0.010535392638152213,
        0.022095400172876097,
        1.0093570588602047e-09,
        0.00017320804826326076,
        0.02760809380230041,
        0.01162983433459213,
        4.716833419200125e-10,
        0.0006762333613984955,
        0.012008682331422089,
        0.3139731118971818,
        5.231649823576198e-10,
        4.083829980740976e-10,
        0.009770798084122262,
        0.02808050271422129,
        0.012484804641653136,
        0.028480575778187425,
        0.004175849471555903,
        0.09257705243605259,
        0.0211124765585727,
        0.009463876186819816,
        0.012905800119223671,
        0.0015987434363985457,
        0.004539190637852621,
        0.008530098049638583,
        0.00398174619590463,
        0.013676818151385361,
        2.6872054133183674e-10,
        0.02325270069062295,
        0.005842422095359884,
        0.013315083772965313,
        0.024088915155862447,
        0.01633314302329775,
        0.018042959541377874,
        4.156468728254368e-10
    ],
    [
        0.006235565804809257,
        0.025241958273741268,
        4.686748672132377e-10,
        5.873583938078093e-10,
        0.013797557374616989,
        7.478540219918468e-10,
        0.002023150461889065,
        3.0974714625005364e-06,
        0.00721278550165882,
        2.484591198026404e-09,
        0.007091295496751362,
        0.0009206318667687222,
        0.02079574609715231,
        0.020756902419774514,
        0.0064630155570389695,
        6.195245879779628e-10,
        0.0020969253840895726,
        0.014454685812269021,
        0.053095572220312866,
        1.5777003499103987e-06,
        1.1411001596694844e-10,
        4.434886491917433e-10,
        0.0040606669064918895,
        0.023931581080628844,
        1.4402985515293602e-06,
        0.028172871939652212,
        0.007587051057142999,
        0.017838516475123602,
        1.0104417998796291e-09,
        0.003722347523941444,
        0.0330438790577131,
        0.00836887441367566,
        0.0016478180579790884,
        4.666009673872628e-10,
        0.0068381381920724115,
        0.27933623620139536,
        4.875172381818771e-10,
        0.0003712159163702253,
        0.07759702395154262,
        0.0253510926667931,
        0.011695958185240222,
        0.025447846702111154,
        1.034653250492295e-09,
        0.08696627091664216,
        0.01860848571379041,
        0.008690317068030884,
        0.014691765357901855,
        0.004618265162589201,
        0.0017469070676177337,
        1.2496933618876414e-06,
        0.0025266607552416553,
        0.017796883750752782,
        0.00985667044002035,
        0.021282301240613897,
        0.0072724487986165435,
        0.013579005358998019,
        0.023253160695522444,
        0.015387546798360494,
        0.018519026010503516,
        6.384556072663108e-10
    ],
    [
        0.009686228911235587,
        0.01661730209711441,
        5.209886341325404e-09,
        0.005131565203259301,
        0.01569782685104094,
        0.0014113347926683255,
        0.0033408498326686882,
        0.00014132439670245029,
        0.009832309473180851,
        0.001628696235512365,
        0.011197348779516739,
        0.011665770523349966,
        0.01908688893161759,
        0.022623534336107753,
        0.005428603634559841,
        9.26182969697465e-05,
        0.0009480667875883667,
        0.0032905793990110235,
        0.05077974210672515,
        0.00670127118609124,
        1.2520308984481779e-09,
        6.407763555116501e-09,
        0.005252742609738827,
        0.02577856829811811,
        0.005680566232271994,
        0.027029535904852676,
        0.011722570543146783,
        0.019298387424114938,
        0.002416477178727664,
        0.0024659150034593426,
        0.03461828845101368,
        0.00027198428684583833,
        0.0036404336704333774,
        0.00455070317911744,
        0.010499923460993115,
        0.25210545134146073,
        0.00463597778969322,
        0.0037121402528654895,
        0.06537362391868126,
        0.028953763692838665,
        0.013005868379927744,
        0.02685301513842855,
        0.0026595804365051007,
        0.05585607682569626,
        0.01814963034734082,
        0.012849343301675038,
        0.021363527124599144,
        0.00710773322609704,
        0.004556211655262371,
        4.197307532474842e-10,
        0.005302869057719049,
        0.019397582958782567,
        1.4728814945337823e-09,
        0.020413262008562423,
        0.009674220340636233,
        0.015040021018538434,
        0.023211575676791513,
        0.015687119398908798,
        0.021874957927222015,
        0.0036884754021714963
    ]
]