[
    [
        0.020089491953035655,
        0.02048023045781888,
        0.011317691056614815,
        0.019576637435081125,
        0.017229959981700627,
        0.0196723202077831,
        0.013115291602920116,
        0.014251113226170542,
        0.018026294887360152,
        0.01963364615535872,
        0.013240875977498179,
        0.015842123622026784,
        0.018905000574514535,
        0.017785021283317264,
        0.015195960743666382,
        0.006048540651022217,
        0.020574824509670128,
        0.023201835048531787,
        0.021606201790128742,
        0.02034252411555845,
        0.01214117814564021,
        0.01306701642415524,
        0.01953629124870193,
        0.019741365992394795,
        0.022317083743282173,
        0.021336898831414656,
        0.02094576048330478,
        0.016196555149412442,
        0.01901789358006728,
        0.01805684247871335,
        0.016583984509941144,
        0.008435962789119449,
        0.014473837340160202,
        0.022656823004462395,
        0.014911883796855563,
        0.011649144273358525,
        0.0162210721887863,
        0.01583696325009574,
        0.000357115425212415,
        0.01988167512603556,
        0.02551838672767723,
        0.019139165463195187,
        0.011051160870470015,
        0.006572221363023266,
        0.015784852249357124,
        0.017199446055585044,
        0.010172666711817496,
        0.015656979306627482,
        0.016256172565525844,
        0.023201835048531787,
        0.01501041127415364,
        0.02346174089101069,
        0.011361344099658104,
        0.022347963869887535,
        0.020173439277368876,
        0.021434820108025613,
        0.015836046952572937,
        0.020644880098877758,
        0.016356481449677048,
        0.0033190525560283833
    ],
    [
        0.005608469383048339,
        0.033669432231146504,
        0.03327412711598909,
        0.012886403410261257,
        0.005405752622740665,
        0.013898234061940209,
        0.00889034763931055,
        0.006848732328181774,
        0.024375895610844026,
        0.02483439511202996,
        0.0047331886365340175,
        0.022590072189405997,
        0.014661578096378088,
        0.010119183565220057,
        0.009684822585562676,
        8.121435768595544e-11,
        0.018746023745148197,
        0.021169391882081178,
        0.008807847681647054,
        0.011393098022533106,
        6.847776413021709e-11,
        8.204492528651697e-11,
        0.020008758495521993,
        0.018833065394823573,
        0.01812485347998258,
        0.015740193416325654,
        0.013887482503111618,
        0.024714840602311366,
        0.032951611743208445,
        0.012748996200302154,
        0.014364374474970906,
        0.003018446128255053,
        0.002556008328598608,
        0.024412644675562405,
        0.004759675190965653,
        2.2510004075063696e-10,
        0.060376318587531355,
        0.14011235546689543,
        8.551296149343034e-11,
        0.01735839080488345,
        0.018432694399383807,
        0.0326974928189844,
        1.732170872077701e-06,
        6.851261425535624e-11,
        0.0055111429639772,
        0.006870611573742696,
        1.9415713987268412e-10,
        0.004364175588422629,
        0.007076928333365311,
        0.021169391882081178,
        0.006715136864514926,
        0.022150764873532434,
        1.9313130779583248e-10,
        0.02451452030410637,
        0.023354928118449074,
        0.061127830775719705,
        0.006285170574936606,
        0.026165395083277816,
        0.017997071194252895,
        6.951031783509819e-11
    ],
    [
        0.006907741036838742,
        0.033200740100560164,
        0.018518697661206184,
        0.007797192013083838,
        0.00304226595182629,
        0.015733193549304057,
        0.010106681218460907,
        0.005182489800279212,
        0.026133722025336106,
        0.02441115794196331,
        0.00754262590167359,
        0.02529255045049471,
        0.015877104911679048,
        0.012529994055900943,
        0.011515506022429579,
        0.00011563226771851108,
        0.02048033015367635,
        0.023568537407143757,
        0.008597244871406926,
        0.01320488509646221,
        2.816572909837428e-07,
        0.0031789179619956475,
        0.020240542134579348,
        0.02109139148405678,
        0.018476787583527707,
        0.018513213440513498,
        0.014619032533938174,
        0.02607188013406507,
        0.02181995235878968,
        0.011907522018088,
        0.014538054780802686,
        6.552108094538906e-11,
        0.0034395922694747693,
        0.021291562003145335,
        0.004716324130450361,
        0.005728857241899469,
        0.054138080519717344,
        0.11493214870739464,
        0.010667678580627175,
        0.0197164456559004,
        0.019512483116903206,
        0.033998738946047824,
        0.0027578170326300923,
        1.002411495396632e-10,
        0.007639168181123116,
        0.008620717778576738,
        0.0008118302274964535,
        0.006587889186890309,
        0.008703839215031501,
        0.023568537407143757,
        0.00691447221960955,
        0.02457439147260596,
        7.793271277484109e-10,
        0.024775178103964086,
        0.021965725342865772,
        0.060583007689844356,
        0.005832937101371884,
        0.02797997448273867,
        0.020326733618343064,
        2.9746446009062243e-10
    ],
    [
        0.0011619281603024688,
        0.029832165979575494,
        0.007864210589169975,
        0.002029367982291918,
        0.00021362349187739824,
        0.008122334190201336,
        0.01201772976766164,
        0.006826206646426446,
        0.02244787107703847,
        0.012965938885568077,
        0.015510367904644991,
        0.027546245497745956,
        0.01354478707883655,
        0.0176674995864791,
        0.009413161516422389,
        0.04288650642181004,
        0.016947402714080795,
        0.019053782553356456,
        0.012087875400189244,
        0.00907035053679906,
        0.04008989986135533,
        5.468120048226337e-10,
        0.02007903430038268,
        0.01733868511064268,
        0.015643496833358805,
        0.018286834284686568,
        0.009583997251277121,
        0.023009220582639465,
        0.011521542840819698,
        0.00917117047462281,
        0.015878460222664894,
        0.013224239347139588,
        0.005376111792181054,
        0.015486703012919502,
        0.01935959970373298,
        0.016700212946407715,
        0.04629592178867656,
        0.1136788069329851,
        0.005376127034025178,
        0.017626309218592727,
        0.01774061482099202,
        0.02928936810226413,
        8.881550787836005e-10,
        2.8112339432883535e-10,
        0.002223858613860794,
        0.0022495913403990874,
        0.0015422692288001917,
        0.014518525682145745,
        0.006680923578218578,
        0.019053782553356456,
        0.022430175065543238,
        0.019910447594222336,
        3.468575645296188e-10,
        0.02089387891705878,
        0.01590698704919255,
        0.056218684089050334,
        0.0007889628395857764,
        0.023655405237263793,
        0.025960793464050256,
        2.4008948317897225e-10
    ],
    [
        4.904483622873226e-13,
        2.3609430841799734e-13,
        1.9062505602500017e-13,
        3.4855529839423437e-13,
        3.7282635280028395e-13,
        1.992599385472332e-13,
        4.050946377729856e-13,
        2.6218084732031795e-13,
        2.5605929583963273e-13,
        4.946516180608726e-13,
        3.1510053607294805e-13,
        2.512412142093905e-13,
        7.226414773286567e-13,
        2.6123927670952104e-12,
        7.491768860923154e-13,
        0.00210464302220411,
        8.128638028122072e-13,
        0.17023170526550435,
        0.13349721056103883,
        2.853886775153269e-13,
        1.9838760478273405e-13,
        1.8220514131420166e-13,
        3.515758270922138e-13,
        6.541989355922325e-13,
        3.112552677180172e-13,
        8.352060734321197e-13,
        3.7710529240612555e-13,
        2.7152446051681205e-13,
        2.5733644724859853e-13,
        3.0200239372431584e-13,
        5.964348894540647e-13,
        1.9721698352975302e-12,
        3.9375001922482376e-13,
        2.601645561014651e-13,
        7.1237124630869694e-12,
        0.6941664411041127,
        2.5056612927990746e-13,
        4.793872337345292e-13,
        1.5349854096023208e-13,
        6.350163597475721e-13,
        2.8724109003373996e-13,
        7.438829680698002e-13,
        1.7207088300214097e-13,
        2.8000910091690923e-13,
        2.176014102003388e-13,
        3.670556612554252e-13,
        7.984730656986891e-13,
        1.9529104453106753e-13,
        2.15927052935431e-13,
        2.179640398492241e-13,
        2.4240459072122783e-13,
        6.333213036911097e-13,
        1.2438287679570269e-12,
        4.240041826986365e-13,
        3.479040551182643e-13,
        3.9510805630227127e-13,
        7.219438205990628e-13,
        5.056917150119569e-13,
        7.774722821125901e-13,
        1.9776670966612256e-13
    ],
    [
        8.360585896372519e-10,
        5.048403422841293e-10,
        7.310822865862265e-11,
        2.406905113247739e-10,
        1.0622193576787243e-09,
        1.673519181317393e-10,
        7.656560034301127e-10,
        1.4638591214437054e-10,
        6.130385039385759e-09,
        9.520581508571088e-10,
        2.0957161844171307e-10,
        1.6780108491497651e-10,
        8.581091494362162e-10,
        1.411676806871716e-10,
        1.8849814377500802e-10,
        1.3483072370703358e-10,
        4.121017506998973e-10,
        0.14197051718327333,
        0.11064909533709634,
        9.945661757714769e-10,
        0.009626091175897102,
        1.2125988660172065e-10,
        9.076863574638939e-10,
        9.476920562853967e-10,
        1.0515622385270933e-09,
        7.883566467402862e-10,
        4.964755082615234e-10,
        2.4105313589930943e-10,
        3.3276838059239873e-10,
        1.9732922118193325e-10,
        9.486504017839316e-10,
        0.056825492270431155,
        2.955788695554968e-10,
        4.644842735135119e-10,
        0.005679866776892351,
        0.6321220347476235,
        4.205425854922027e-09,
        0.043112049095453006,
        6.154609684923747e-11,
        8.982780307249147e-10,
        1.464953499769506e-05,
        5.392048349741938e-10,
        3.6132158521660637e-10,
        1.0295311778246686e-10,
        2.319863578307424e-10,
        1.6758021178788357e-10,
        1.3722268500951124e-10,
        1.8016603118837684e-10,
        3.944606698543335e-10,
        7.968071910398973e-10,
        1.4543395252838187e-10,
        8.462139148318898e-09,
        1.1994184625503257e-10,
        5.597341989613372e-10,
        4.995410095155871e-10,
        9.010669619949671e-10,
        9.137660819840848e-10,
        1.630882468698483e-07,
        1.8010971838329788e-10,
        1.7237541114342115e-10
    ],
    [
        0.00480489578582428,
        1.186232694081356e-11,
        5.0392868936673636e-12,
        1.2377069592908937e-06,
        5.231928468989852e-12,
        6.922733738964757e-12,
        5.550201596981391e-12,
        5.195888172300048e-12,
        5.5300915469573555e-12,
        8.762407746102887e-12,
        5.536072508128623e-12,
        4.83796312407124e-12,
        5.2068286717091e-12,
        5.993171898726185e-12,
        1.3494291633106292e-11,
        4.0271880157864e-12,
        4.864108493879976e-12,
        3.87688134306454e-11,
        0.03477503025041098,
        1.0644401736927953e-11,
        2.2342638894002232e-11,
        5.947805274528705e-12,
        5.797404051730346e-12,
        6.859839086810169e-12,
        6.117103545989545e-12,
        5.8805317978850155e-12,
        5.669619653829763e-12,
        5.6988091110299594e-12,
        1.903695284217143e-11,
        4.794327058616956e-12,
        6.209953513394411e-12,
        5.214637818138549e-12,
        5.361954228312367e-12,
        1.875316860953668e-11,
        4.448919969510887e-12,
        0.45558264502976814,
        8.636137573111766e-12,
        0.10653842811584018,
        0.09750169263685486,
        4.978742313029042e-12,
        5.249999883791381e-12,
        5.792976982611525e-12,
        7.1123760711178235e-12,
        0.2107615659646583,
        1.1874218209184802e-11,
        5.130102954849107e-12,
        5.744540482743031e-12,
        7.554758046222534e-12,
        6.418829307140231e-12,
        5.254477395850182e-12,
        4.9912955266589796e-12,
        6.089375518262981e-12,
        0.03949407300198245,
        7.685378384212572e-12,
        4.944206651336452e-12,
        5.9477692360700816e-12,
        5.853065990975704e-12,
        6.894071905878305e-12,
        5.035383698201205e-12,
        0.0505404311122055
    ],
    [
        0.00023849570027194094,
        0.013194164360787684,
        1.5481690919236675e-11,
        8.011519517678853e-11,
        0.003085336336598747,
        9.007876499484925e-11,
        0.0055602292468916684,
        8.280770562788598e-11,
        0.0010956731337426378,
        2.7399143057805885e-10,
        0.003022134451347043,
        0.0038600674287873793,
        0.004929014262038753,
        0.009148084957959973,
        0.001761618812098963,
        3.399346149290339e-11,
        2.5075802876513177e-10,
        1.0874543994027473e-11,
        0.02558476599182473,
        6.819722833168946e-11,
        4.892833254392743e-11,
        6.179615512134972e-11,
        0.008215532426564906,
        0.008827102050436129,
        3.079883145823587e-10,
        0.010632324001284943,
        0.0009402086792833852,
        0.00532475613453467,
        3.467804183447741e-11,
        3.807231308940328e-11,
        0.013266018892236109,
        5.359157597040236e-11,
        0.002430881985803242,
        9.738755008038971e-11,
        0.00017824302742678902,
        0.4155115698092549,
        0.003456241798483201,
        0.0679890466085665,
        0.08096471828295973,
        0.00893391834396176,
        0.008543384039109748,
        0.0026711165812351974,
        1.905608652539824e-10,
        0.18244012000443421,
        0.0006518496954126318,
        4.399205363844666e-06,
        0.006194214695921733,
        0.0004234359388521684,
        1.6791691702924092e-08,
        0.014380077901980828,
        7.487925688821544e-11,
        0.001176661143440865,
        0.0172157370673267,
        0.0053796399925534555,
        1.6256193053734166e-10,
        0.007766576331286035,
        0.006908917678776939,
        0.00507100361419761,
        0.009979790751216144,
        0.03304290986215077
    ],
    [
        7.792325084557889e-07,
        0.01724825855990788,
        5.438145473512252e-11,
        3.1726607381189567e-11,
        0.012529715594289708,
        4.018296412378413e-11,
        1.1527585324887538e-07,
        8.362192032278444e-11,
        5.048135504886089e-10,
        9.163802895732686e-09,
        0.0023312839253318606,
        7.41418545294589e-11,
        0.017559044516152315,
        0.01867438169927506,
        0.007119308757066124,
        3.0641689803863415e-11,
        0.008723617768173432,
        6.842906027601575e-11,
        0.013950750344235584,
        0.0026320535516870785,
        1.398565947979506e-11,
        8.169967881582817e-12,
        0.0024258758485450273,
        0.025174472268722128,
        0.0036105104896618488,
        0.027751834876047477,
        0.006265855868607819,
        0.015669033177939787,
        1.0579130301970157e-10,
        2.0632821765287812e-10,
        0.02452645131873551,
        2.1344218235734855e-11,
        4.967756546881604e-11,
        1.0579849713365333e-10,
        0.007366122717198221,
        0.38410794533642106,
        3.738000083410544e-10,
        0.015037350265058144,
        0.05629599450703267,
        0.019394712876658542,
        0.010779002357658456,
        0.021906148515598512,
        7.736134010381082e-11,
        0.13489425323877305,
        0.017951276744716197,
        0.004803325899341085,
        0.00569706487882938,
        6.128596704861967e-11,
        3.426801443896017e-10,
        0.026713361943048505,
        4.274426141882069e-11,
        0.012747161182027638,
        2.9069440421176263e-11,
        0.013959241233159106,
        1.455253799450419e-06,
        0.011766999891074567,
        0.01887094224419573,
        0.014808469702156912,
        0.016705816595037313,
        5.6237170271612754e-11
    ],
    [
        0.004641458774623774,
        0.021610868653810063,
        2.2451388032314196e-10,
        5.453839044046316e-10,
        0.01057090084334667,
        4.6199831827142875e-10,
        0.0028532258685426267,
        5.155305027702039e-10,
        0.004536134834290616,
        1.4159337974714256e-08,
        0.006933966872397701,
        0.003826270125816156,
        0.024279315367351454,
        0.017875721669280798,
        0.009898504439849217,
        2.9876419760060294e-10,
        0.005056443357644685,
        4.3644818840525904e-10,
        0.011082924015066817,
        0.0033730844045337127,
        3.6970010158254675e-10,
        3.4382401545148315e-10,
        0.003894122949966651,
        0.029323534268302948,
        0.0030722474657828725,
        0.030269351203252814,
        0.009961763192590376,
        0.022039766126631083,
        5.843295949968856e-09,
        0.0003516564674155265,
        0.02825966251593009,
        0.012480780823913698,
        5.9229246784613e-10,
        0.0008086354900797495,
        0.010752608629428222,
        0.3530257577598919,
        6.574163735542606e-10,
        1.0648418007868524e-08,
        0.012476397004079832,
        0.028096938730780625,
        0.011611989348921324,
        0.028504791897093026,
        0.0040871323754643335,
        0.10833728134905579,
        0.021011310792699547,
        0.009557281692872212,
        0.01221502346970348,
        0.002317288828855657,
        0.004977723375127931,
        0.011056527476230949,
        0.00432454785505072,
        0.012836351208056564,
        3.5078624253043326e-10,
        0.02322314561175653,
        0.005853576757635217,
        0.011452420263271005,
        0.02389590760681758,
        0.015950548717489327,
        0.017435073555750746,
        5.151659435136819e-10
    ],
    [
        0.0006589443133795081,
        0.025709322839810908,
        3.5991765085859126e-10,
        5.418648237894389e-10,
        0.012363668726855225,
        6.573484878284461e-10,
        0.0018925132770495079,
        1.1257135975240565e-08,
        0.007655700666600201,
        1.212448103430629e-09,
        0.005817061466792764,
        0.0009305103345987036,
        0.020487055300007537,
        0.020133529198727042,
        0.004964348569202364,
        4.88500460716021e-10,
        0.001534153408534963,
        0.015341755776381088,
        0.011236654566773613,
        1.2129776612312507e-09,
        1.048007472634849e-10,
        3.863087898032817e-10,
        0.0030654127083987914,
        0.02390175827783095,
        1.93712036143178e-09,
        0.027862829919011643,
        0.006800072831739642,
        0.017436093833551027,
        9.014928359256961e-10,
        0.00428897563714167,
        0.03402071534306531,
        0.009106354820768882,
        0.0014724526358661065,
        4.253370267133682e-10,
        0.00522102416469213,
        0.31400568284737007,
        4.1071901043188495e-10,
        1.6380501708631558e-05,
        0.08440505629750203,
        0.025102862112154786,
        0.010632445213994642,
        0.02528480350260216,
        7.381253485691853e-10,
        0.10121415939648075,
        0.01839558244000691,
        0.008628435620897386,
        0.013971013319851839,
        0.005150641420843039,
        0.0018943264584121728,
        0.0019021442647294774,
        0.0027818012154108545,
        0.017236816330115496,
        0.01146595605687085,
        0.021019728234978153,
        0.007417255636615566,
        0.011746483835088183,
        0.02314135958551461,
        0.014893969064537112,
        0.01779216673926167,
        6.639653872500719e-10
    ],
    [
        0.004984253267259763,
        0.015918358182430068,
        2.228772280662732e-08,
        0.00622745032203035,
        0.01465562403610435,
        0.0013547767468865667,
        0.0035793629177075796,
        0.0004463174254795499,
        0.010686625184019395,
        0.001590172990904424,
        0.009885897134445883,
        0.011722206535821674,
        0.018273712843870648,
        0.022323989757186306,
        0.0035894319264934108,
        7.285992931426813e-05,
        0.000625722030387285,
        0.0030109701593216093,
        0.013881861735782689,
        0.007462310897484262,
        5.285183868114859e-10,
        5.70491494236665e-09,
        0.0046901503469336855,
        0.025642992192439623,
        0.006062147316212898,
        0.026513128489710287,
        0.01128388340934185,
        0.018609647190479053,
        0.002991870721188232,
        0.0032198892340738377,
        0.03548777951830823,
        0.0004962673889052579,
        0.0038710970546346275,
        0.005181892806167322,
        0.008543815713169952,
        0.2828616638476876,
        0.005054617734786379,
        0.0037598562946263517,
        0.07267631912836962,
        0.028904247023223074,
        0.012172703167070547,
        0.026341231951290706,
        0.0027188770388797646,
        0.06538377102808135,
        0.01744400208912153,
        0.012765446922233832,
        0.021512024844597126,
        0.008164217560696355,
        0.004571450878372948,
        1.7283917487776976e-10,
        0.00615175490071796,
        0.019209730554832716,
        6.767661601253045e-10,
        0.020737047680656217,
        0.010198329173241092,
        0.013205198503760056,
        0.02296193893969829,
        0.014912576663721408,
        0.021295936508807917,
        0.004110562791379774
    ]
]